200 0.194109 0.594437
201 0.594437 0.91611
202 0.91611 0.292039
203 0.292039 0.785659
204 0.785659 0.639917
205 0.639917 0.875609
206 0.875609 0.413889
207 0.413889 0.921822
208 0.921822 0.27385
209 0.27385 0.755654
210 0.755654 0.701637
211 0.701637 0.795502
212 0.795502 0.618178
213 0.618178 0.896929
214 0.896929 0.3513
215 0.3513 0.865976
216 0.865976 0.441034
217 0.441034 0.936787
218 0.936787 0.225024
219 0.225024 0.662676
220 0.662676 0.849439
221 0.849439 0.48599
222 0.48599 0.949254
223 0.949254 0.183049
224 0.183049 0.568259
225 0.568259 0.932295
226 0.932295 0.239861
227 0.239861 0.692845
228 0.692845 0.808682
229 0.808682 0.587919
230 0.587919 0.920627
231 0.920627 0.277678
232 0.277678 0.762177
233 0.762177 0.6888
234 0.6888 0.814547
235 0.814547 0.574028
236 0.574028 0.929176
237 0.929176 0.250071
238 0.250071 0.712636
239 0.712636 0.778187
240 0.778187 0.655925
241 0.655925 0.857612
242 0.857612 0.464031
243 0.464031 0.945084
244 0.945084 0.197222
245 0.197222 0.601636
246 0.601636 0.910746
247 0.910746 0.308892
248 0.308892 0.811216
249 0.811216 0.58195
250 0.58195 0.92448
251 0.92448 0.265303
252 0.265303 0.740686
253 0.740686 0.729866
254 0.729866 0.749214
255 0.749214 0.713991
256 0.713991 0.775989
257 0.775989 0.660553
258 0.660553 0.852046
259 0.852046 0.479042
260 0.479042 0.948331
261 0.948331 0.186198
262 0.186198 0.575808
263 0.575808 0.928162
264 0.928162 0.253373
265 0.253373 0.718865
266 0.718865 0.767972
267 0.767972 0.677126
268 0.677126 0.830781
269 0.830781 0.53422
270 0.53422 0.94555
271 0.94555 0.195643
272 0.195643 0.597994
273 0.597994 0.91351
274 0.91351 0.300237
275 0.300237 0.798361
276 0.798361 0.611728
277 0.611728 0.902564
278 0.902564 0.33418
279 0.33418 0.845514
280 0.845514 0.496356
281 0.496356 0.94995
282 0.94995 0.180673
283 0.180673 0.562514
284 0.562514 0.93515
285 0.93515 0.23045
286 0.23045 0.673903
287 0.673903 0.835079
288 0.835079 0.523343
289 0.523343 0.947929
290 0.947929 0.187565
291 0.187565 0.579061
292 0.579061 0.926248
293 0.926248 0.259589
294 0.259589 0.73037
295 0.73037 0.748333
296 0.748333 0.715656
297 0.715656 0.773271
298 0.773271 0.666228
299 0.666228 0.845
300 0.845 0.497706
301 0.497706 0.94998
302 0.94998 0.180568
303 0.180568 0.562261
304 0.562261 0.93527
305 0.93527 0.230054
306 0.230054 0.67309
307 0.67309 0.836151
308 0.836151 0.520609
309 0.520609 0.948386
310 0.948386 0.18601
311 0.18601 0.575359
312 0.575359 0.92842
313 0.92842 0.252533
314 0.252533 0.717289
315 0.717289 0.770585
316 0.770585 0.671779
317 0.671779 0.837869
318 0.837869 0.516209
319 0.516209 0.949002
320 0.949002 0.183911
321 0.183911 0.570333
322 0.570333 0.931203
323 0.931203 0.243444
324 0.243444 0.699881
325 0.699881 0.798181
326 0.798181 0.612134
327 0.612134 0.902219
328 0.902219 0.335236
329 0.335236 0.846841
330 0.846841 0.492865
331 0.492865 0.949807
332 0.949807 0.181162
333 0.181162 0.5637
334 0.5637 0.934581
335 0.934581 0.23233
336 0.23233 0.67774
337 0.67774 0.829952
338 0.829952 0.5363
339 0.5363 0.944993
340 0.944993 0.197529
341 0.197529 0.602344
342 0.602344 0.910198
343 0.910198 0.310604
344 0.310604 0.813691
345 0.813691 0.576073
346 0.576073 0.928009
347 0.928009 0.253871
348 0.253871 0.719799
349 0.719799 0.766417
350 0.766417 0.680284
351 0.680284 0.826491
352 0.826491 0.544935
353 0.544935 0.942327
354 0.942327 0.206517
355 0.206517 0.622697
356 0.622697 0.892792
357 0.892792 0.363714
358 0.363714 0.879419
359 0.879419 0.402957
360 0.402957 0.914214
361 0.914214 0.298021
362 0.298021 0.794977
363 0.794977 0.619356
364 0.619356 0.895866
365 0.895866 0.354504
366 0.354504 0.869557
367 0.869557 0.431025
368 0.431025 0.931921
369 0.931921 0.241087
370 0.241087 0.695264
371 0.695264 0.805113
372 0.805113 0.596242
373 0.596242 0.914802
374 0.914802 0.296168
375 0.296168 0.792119
376 0.792119 0.625732
377 0.625732 0.889927
378 0.889927 0.372235
379 0.372235 0.887969
380 0.887969 0.378023
381 0.378023 0.893462
382 0.893462 0.361713
383 0.361713 0.877332
384 0.877332 0.408959
385 0.408959 0.918504
386 0.918504 0.284448
387 0.284448 0.773442
388 0.773442 0.665872
389 0.665872 0.845448
390 0.845448 0.496529
391 0.496529 0.949954
392 0.949954 0.180657
393 0.180657 0.562475
394 0.562475 0.935168
395 0.935168 0.230389
396 0.230389 0.673778
397 0.673778 0.835244
398 0.835244 0.522923
