200 0.897176 0.332104
201 0.332104 0.79852
202 0.79852 0.57919
203 0.57919 0.877424
204 0.877424 0.387183
205 0.387183 0.85418
206 0.85418 0.448402
207 0.448402 0.890416
208 0.890416 0.351272
209 0.351272 0.820368
210 0.820368 0.530511
211 0.530511 0.896649
212 0.896649 0.333612
213 0.333612 0.800334
214 0.800334 0.575279
215 0.575279 0.879599
216 0.879599 0.381257
217 0.381257 0.84924
218 0.84924 0.460913
219 0.460913 0.8945
220 0.8945 0.339731
221 0.339731 0.80753
222 0.80753 0.559531
223 0.559531 0.887242
224 0.887242 0.360157
225 0.360157 0.829598
226 0.829598 0.508914
227 0.508914 0.899714
228 0.899714 0.324824
229 0.324824 0.789528
230 0.789528 0.598226
231 0.598226 0.865266
232 0.865266 0.41969
233 0.41969 0.876781
234 0.876781 0.388929
235 0.388929 0.855588
236 0.855588 0.444806
237 0.444806 0.889033
238 0.889033 0.355152
239 0.355152 0.824468
240 0.824468 0.520993
241 0.520993 0.898413
242 0.898413 0.32856
243 0.32856 0.79419
244 0.79419 0.588427
245 0.588427 0.87185
246 0.87185 0.402219
247 0.402219 0.86558
248 0.86558 0.418865
249 0.418865 0.876301
250 0.876301 0.39023
251 0.39023 0.856622
252 0.856622 0.442155
253 0.442155 0.887954
254 0.887954 0.358169
255 0.358169 0.827583
256 0.827583 0.513682
257 0.513682 0.899326
258 0.899326 0.325939
259 0.325939 0.79093
260 0.79093 0.595294
261 0.595294 0.867308
262 0.867308 0.414304
263 0.414304 0.873563
264 0.873563 0.397624
265 0.397624 0.862269
266 0.862269 0.427541
267 0.427541 0.881099
268 0.881099 0.377149
269 0.377149 0.845668
270 0.845668 0.469849
271 0.469849 0.896727
272 0.896727 0.333387
273 0.333387 0.800064
274 0.800064 0.575862
275 0.575862 0.879282
276 0.879282 0.382123
277 0.382123 0.849978
278 0.849978 0.459055
279 0.459055 0.893965
280 0.893965 0.341251
281 0.341251 0.809275
282 0.809275 0.555656
283 0.555656 0.888849
284 0.888849 0.355668
285 0.355668 0.825006
286 0.825006 0.519737
287 0.519737 0.898598
288 0.898598 0.328032
289 0.328032 0.793537
290 0.793537 0.58981
291 0.58981 0.870963
292 0.870963 0.404591
293 0.404591 0.86723
294 0.86723 0.414512
295 0.414512 0.87369
296 0.87369 0.39728
297 0.39728 0.862015
298 0.862015 0.428203
299 0.428203 0.881443
300 0.881443 0.376206
301 0.376206 0.84483
302 0.84483 0.471932
303 0.471932 0.897164
304 0.897164 0.332139
305 0.332139 0.798562
306 0.798562 0.5791
307 0.5791 0.877476
308 0.877476 0.387043
309 0.387043 0.854067
310 0.854067 0.448692
311 0.448692 0.890523
312 0.890523 0.350971
313 0.350971 0.820045
314 0.820045 0.531256
315 0.531256 0.896483
316 0.896483 0.334084
317 0.334084 0.800899
318 0.800899 0.574055
319 0.574055 0.880257
320 0.880257 0.379456
321 0.379456 0.847689
322 0.847689 0.464805
323 0.464805 0.895541
324 0.895541 0.336771
325 0.336771 0.804083
326 0.804083 0.567122
327 0.567122 0.883781
328 0.883781 0.369764
329 0.369764 0.838939
330 0.838939 0.486433
331 0.486433 0.899337
332 0.899337 0.325907
333 0.325907 0.79089
334 0.79089 0.59538
335 0.59538 0.86725
336 0.86725 0.414459
337 0.414459 0.873658
338 0.873658 0.397367
339 0.397367 0.862079
340 0.862079 0.428035
341 0.428035 0.881356
342 0.881356 0.376444
343 0.376444 0.845042
344 0.845042 0.471405
345 0.471405 0.897056
346 0.897056 0.332446
347 0.332446 0.798933
348 0.798933 0.578301
349 0.578301 0.877928
350 0.877928 0.385813
351 0.385813 0.85306
352 0.85306 0.451254
353 0.451254 0.891446
354 0.891446 0.348373
355 0.348373 0.817233
356 0.817233 0.537708
357 0.537708 0.894881
358 0.894881 0.338648
359 0.338648 0.806276
360 0.806276 0.562303
361 0.562303 0.886026
362 0.886026 0.363542
363 0.363542 0.832965
364 0.832965 0.500883
365 0.500883 0.899997
366 0.899997 0.324008
367 0.324008 0.788497
368 0.788497 0.600371
369 0.600371 0.863732
370 0.863732 0.423715
371 0.423715 0.87905
372 0.87905 0.382755
373 0.382755 0.850513
374 0.850513 0.457706
375 0.457706 0.89356
376 0.89356 0.342397
377 0.342397 0.81058
378 0.81058 0.552743
379 0.552743 0.889985
380 0.889985 0.352481
381 0.352481 0.821658
382 0.821658 0.527531
383 0.527531 0.897271
384 0.897271 0.331832
385 0.331832 0.79819
386 0.79819 0.579898
387 0.579898 0.877019
388 0.877019 0.388285
389 0.388285 0.855071
390 0.855071 0.446128
391 0.446128 0.889552
392 0.889552 0.353697
393 0.353697 0.822943
394 0.822943 0.524547
395 0.524547 0.897831
396 0.897831 0.33023
397 0.33023 0.796242
398 0.796242 0.584067
