50 0.52381 0.52381
51 0.52381 0.52381
52 0.52381 0.52381
53 0.52381 0.52381
54 0.52381 0.52381
55 0.52381 0.52381
56 0.52381 0.52381
57 0.52381 0.52381
58 0.52381 0.52381
59 0.52381 0.52381
60 0.52381 0.52381
61 0.52381 0.52381
62 0.52381 0.52381
63 0.52381 0.52381
64 0.52381 0.52381
65 0.52381 0.52381
66 0.52381 0.52381
67 0.52381 0.52381
68 0.52381 0.52381
69 0.52381 0.52381
70 0.52381 0.52381
71 0.52381 0.52381
72 0.52381 0.52381
73 0.52381 0.52381
74 0.52381 0.52381
75 0.52381 0.52381
76 0.52381 0.52381
77 0.52381 0.52381
78 0.52381 0.52381
79 0.52381 0.52381
80 0.52381 0.52381
81 0.52381 0.52381
82 0.52381 0.52381
83 0.52381 0.52381
84 0.52381 0.52381
85 0.52381 0.52381
86 0.52381 0.52381
87 0.52381 0.52381
88 0.52381 0.52381
89 0.52381 0.52381
90 0.52381 0.52381
91 0.52381 0.52381
92 0.52381 0.52381
93 0.52381 0.52381
94 0.52381 0.52381
95 0.52381 0.52381
96 0.52381 0.52381
97 0.52381 0.52381
98 0.52381 0.52381
