50 0.0910193 0.0910083
51 0.0910083 0.0909984
52 0.0909984 0.0909894
53 0.0909894 0.0909814
54 0.0909814 0.0909742
55 0.0909742 0.0909676
56 0.0909676 0.0909618
57 0.0909618 0.0909565
58 0.0909565 0.0909518
59 0.0909518 0.0909475
60 0.0909475 0.0909437
61 0.0909437 0.0909402
62 0.0909402 0.0909371
63 0.0909371 0.0909343
64 0.0909343 0.0909318
65 0.0909318 0.0909295
66 0.0909295 0.0909275
67 0.0909275 0.0909256
68 0.0909256 0.090924
69 0.090924 0.0909225
70 0.0909225 0.0909211
71 0.0909211 0.0909199
72 0.0909199 0.0909189
73 0.0909189 0.0909179
74 0.0909179 0.090917
75 0.090917 0.0909162
76 0.0909162 0.0909155
77 0.0909155 0.0909149
78 0.0909149 0.0909143
79 0.0909143 0.0909138
80 0.0909138 0.0909133
81 0.0909133 0.0909129
82 0.0909129 0.0909125
83 0.0909125 0.0909122
84 0.0909122 0.0909118
85 0.0909118 0.0909116
86 0.0909116 0.0909113
87 0.0909113 0.0909111
88 0.0909111 0.0909109
89 0.0909109 0.0909107
90 0.0909107 0.0909106
91 0.0909106 0.0909104
92 0.0909104 0.0909103
93 0.0909103 0.0909102
94 0.0909102 0.0909101
95 0.0909101 0.09091
96 0.09091 0.0909099
97 0.0909099 0.0909098
98 0.0909098 0.0909097
