0.0000000000000000e+00  1.0000000000000000e+00
1.0000000000000000e-02  9.9997500015624952e-01
2.0000000000000000e-02  9.9990000249997224e-01
2.9999999999999999e-02  9.9977501265593371e-01
4.0000000000000001e-02  9.9960003999822244e-01
5.0000000000000003e-02  9.9937509764946852e-01
5.9999999999999998e-02  9.9910020247975129e-01
7.0000000000000007e-02  9.9877537510519088e-01
8.0000000000000002e-02  9.9840063988623351e-01
8.9999999999999997e-02  9.9797602492561910e-01
1.0000000000000001e-01  9.9750156206604013e-01
1.1000000000000000e-01  9.9697728688748866e-01
1.2000000000000000e-01  9.9640323870429159e-01
1.3000000000000000e-01  9.9577946056183397e-01
1.4000000000000001e-01  9.9510599923297316e-01
1.4999999999999999e-01  9.9438290521413997e-01
1.6000000000000000e-01  9.9361023272113425e-01
1.7000000000000001e-01  9.9278803968460416e-01
1.7999999999999999e-01  9.9191638774522095e-01
1.9000000000000000e-01  9.9099534224854424e-01
2.0000000000000001e-01  9.9002497223957653e-01
2.0999999999999999e-01  9.8900535045700999e-01
2.2000000000000000e-01  9.8793655332716934e-01
2.3000000000000001e-01  9.8681866095764215e-01
2.3999999999999999e-01  9.8565175713060693e-01
2.5000000000000000e-01  9.8443592929585255e-01
2.6000000000000001e-01  9.8317126856349657e-01
2.7000000000000002e-01  9.8185786969639133e-01
2.8000000000000003e-01  9.8049583110223471e-01
2.8999999999999998e-01  9.7908525482537190e-01
2.9999999999999999e-01  9.7762624653829611e-01
3.1000000000000000e-01  9.7611891553284813e-01
3.2000000000000001e-01  9.7456337471111343e-01
3.3000000000000002e-01  9.7295974057602130e-01
3.4000000000000002e-01  9.7130813322164256e-01
3.5000000000000003e-01  9.6960867632318726e-01
3.5999999999999999e-01  9.6786149712671066e-01
3.7000000000000000e-01  9.6606672643851310e-01
3.8000000000000000e-01  9.6422449861425419e-01
3.9000000000000001e-01  9.6233495154776372e-01
4.0000000000000002e-01  9.6039822665956354e-01
4.1000000000000003e-01  9.5841446888509374e-01
4.1999999999999998e-01  9.5638382666264943e-01
4.2999999999999999e-01  9.5430645192102426e-01
4.4000000000000000e-01  9.5218250006686400e-01
4.5000000000000001e-01  9.5001212997173579e-01
4.6000000000000002e-01  9.4779550395890333e-01
4.7000000000000003e-01  9.4553278778982031e-01
4.7999999999999998e-01  9.4322415065033771e-01
4.8999999999999999e-01  9.4086976513662557e-01
5.0000000000000000e-01  9.3846980724081286e-01
5.1000000000000001e-01  9.3602445633634734e-01
5.2000000000000002e-01  9.3353389516307195e-01
5.3000000000000003e-01  9.3099830981202625e-01
5.4000000000000004e-01  9.2841788970996464e-01
5.5000000000000004e-01  9.2579282760360648e-01
5.6000000000000005e-01  9.2312331954360216e-01
5.7000000000000006e-01  9.2040956486823167e-01
5.7999999999999996e-01  9.1765176618683131e-01
5.8999999999999997e-01  9.1485012936294519e-01
5.9999999999999998e-01  9.1200486349721055e-01
6.0999999999999999e-01  9.0911618090997925e-01
6.2000000000000000e-01  9.0618429712366300e-01
6.3000000000000000e-01  9.0320943084482508e-01
6.4000000000000001e-01  9.0019180394600196e-01
6.5000000000000002e-01  8.9713164144726543e-01
6.6000000000000003e-01  8.9402917149752670e-01
6.7000000000000004e-01  8.9088462535557800e-01
6.8000000000000005e-01  8.8769823737088327e-01
6.9000000000000006e-01  8.8447024496410931e-01
7.0000000000000007e-01  8.8120088860740520e-01
7.0999999999999996e-01  8.7789041180443284e-01
7.1999999999999997e-01  8.7453906107014323e-01
7.2999999999999998e-01  8.7114708591030698e-01
7.3999999999999999e-01  8.6771473880080152e-01
7.5000000000000000e-01  8.6424227516664853e-01
7.6000000000000001e-01  8.6072995336081326e-01
7.7000000000000002e-01  8.5717803464276110e-01
7.8000000000000003e-01  8.5358678315677472e-01
7.9000000000000004e-01  8.4995646591003793e-01
8.0000000000000004e-01  8.4628735275048006e-01
8.1000000000000005e-01  8.4257971634439011e-01
8.2000000000000006e-01  8.3883383215379870e-01
8.3000000000000007e-01  8.3504997841363093e-01
8.3999999999999997e-01  8.3122843610863439e-01
8.4999999999999998e-01  8.2736948895007734e-01
8.5999999999999999e-01  8.2347342335222784e-01
8.7000000000000000e-01  8.1954052840861213e-01
8.8000000000000000e-01  8.1557109586804899e-01
8.9000000000000001e-01  8.1156542011047406e-01
9.0000000000000002e-01  8.0752379812254471e-01
9.1000000000000003e-01  8.0344652947303341e-01
9.2000000000000004e-01  7.9933391628801176e-01
9.3000000000000005e-01  7.9518626322582453e-01
9.4000000000000006e-01  7.9100387745185907e-01
9.5000000000000007e-01  7.8678706861310999e-01
9.5999999999999996e-01  7.8253614881254085e-01
9.6999999999999997e-01  7.7825143258325036e-01
9.7999999999999998e-01  7.7393323686243631e-01
9.8999999999999999e-01  7.6958188096516855e-01
1.0000000000000000e+00  7.6519768655796661e-01
1.0100000000000000e+00  7.6078097763218855e-01
1.0200000000000000e+00  7.5633208047723155e-01
1.0300000000000000e+00  7.5185132365354534e-01
1.0400000000000000e+00  7.4733903796546519e-01
1.0500000000000000e+00  7.4279555643386019e-01
1.0600000000000001e+00  7.3822121426860554e-01
1.0700000000000001e+00  7.3361634884087856e-01
1.0800000000000001e+00  7.2898129965527936e-01
1.0900000000000001e+00  7.2431640832178101e-01
1.1000000000000001e+00  7.1962201852751095e-01
1.1100000000000001e+00  7.1489847600836598e-01
1.1200000000000001e+00  7.1014612852046177e-01
1.1300000000000001e+00  7.0536532581142386e-01
1.1400000000000001e+00  7.0055641959151549e-01
1.1500000000000001e+00  6.9571976350461306e-01
1.1599999999999999e+00  6.9085571309902494e-01
1.1699999999999999e+00  6.8596462579815953e-01
1.1799999999999999e+00  6.8104686087104382e-01
1.1899999999999999e+00  6.7610277940269792e-01
1.2000000000000000e+00  6.7113274426436287e-01
1.2100000000000000e+00  6.6613712008358794e-01
1.2200000000000000e+00  6.6111627321418198e-01
1.2300000000000000e+00  6.5607057170602512e-01
1.2400000000000000e+00  6.5100038527474846e-01
1.2500000000000000e+00  6.4590608527128535e-01
1.2600000000000000e+00  6.4078804465129002e-01
1.2700000000000000e+00  6.3564663794443543e-01
1.2800000000000000e+00  6.3048224122358532e-01
1.2900000000000000e+00  6.2529523207384730e-01
1.3000000000000000e+00  6.2008598956150918e-01
1.3100000000000001e+00  6.1485489420285822e-01
1.3200000000000001e+00  6.0960232793289193e-01
1.3300000000000001e+00  6.0432867407391655e-01
1.3400000000000001e+00  5.9903431730404111e-01
1.3500000000000001e+00  5.9371964362556606e-01
1.3600000000000001e+00  5.8838504033327110e-01
1.3700000000000001e+00  5.8303089598260704e-01
1.3800000000000001e+00  5.7765760035778846e-01
1.3900000000000001e+00  5.7226554443979627e-01
1.4000000000000001e+00  5.6685512037428865e-01
1.4099999999999999e+00  5.6142672143942673e-01
1.4199999999999999e+00  5.5598074201361247e-01
1.4299999999999999e+00  5.5051757754315034e-01
1.4399999999999999e+00  5.4503762450982329e-01
1.4500000000000000e+00  5.3954128039839844e-01
1.4600000000000000e+00  5.3402894366405695e-01
1.4700000000000000e+00  5.2850101369975377e-01
1.4800000000000000e+00  5.2295789080350941e-01
1.4900000000000000e+00  5.1739997614563960e-01
1.5000000000000000e+00  5.1182767173591803e-01
1.5100000000000000e+00  5.0624138039068578e-01
1.5200000000000000e+00  5.0064150569989962e-01
1.5300000000000000e+00  4.9502845199413098e-01
1.5400000000000000e+00  4.8940262431151121e-01
1.5500000000000000e+00  4.8376442836463124e-01
1.5600000000000001e+00  4.7811427050739552e-01
1.5700000000000001e+00  4.7245255770183459e-01
1.5800000000000001e+00  4.6677969748487791e-01
1.5900000000000001e+00  4.6109609793509126e-01
1.6000000000000001e+00  4.5540216763938052e-01
1.6100000000000001e+00  4.4969831565966506e-01
1.6200000000000001e+00  4.4398495149952316e-01
1.6300000000000001e+00  4.3826248507081350e-01
1.6400000000000001e+00  4.3253132666027472e-01
1.6500000000000001e+00  4.2679188689610592e-01
1.6600000000000001e+00  4.2104457671453016e-01
1.6699999999999999e+00  4.1528980732634740e-01
1.6799999999999999e+00  4.0952799018347441e-01
1.6899999999999999e+00  4.0375953694547922e-01
1.7000000000000000e+00  3.9798485944610951e-01
1.7100000000000000e+00  3.9220436965982164e-01
1.7200000000000000e+00  3.8641847966830828e-01
1.7300000000000000e+00  3.8062760162703274e-01
1.7400000000000000e+00  3.7483214773176904e-01
1.7500000000000000e+00  3.6903253018515064e-01
1.7600000000000000e+00  3.6322916116323622e-01
1.7700000000000000e+00  3.5742245278208601e-01
1.7800000000000000e+00  3.5161281706435998e-01
1.7900000000000000e+00  3.4580066590593722e-01
1.8000000000000000e+00  3.3998641104255828e-01
1.8100000000000001e+00  3.3417046401649592e-01
1.8200000000000001e+00  3.2835323614325507e-01
1.8300000000000001e+00  3.2253513847830695e-01
1.8400000000000001e+00  3.1671658178385753e-01
1.8500000000000001e+00  3.1089797649565548e-01
1.8600000000000001e+00  3.0507973268984151e-01
1.8700000000000001e+00  2.9926226004984191e-01
1.8800000000000001e+00  2.9344596783330917e-01
1.8900000000000001e+00  2.8763126483911355e-01
1.9000000000000001e+00  2.8181855937438544e-01
1.9100000000000001e+00  2.7600825922161570e-01
1.9199999999999999e+00  2.7020077160581318e-01
1.9299999999999999e+00  2.6439650316172375e-01
1.9399999999999999e+00  2.5859585990111389e-01
1.9500000000000000e+00  2.5279924718012053e-01
1.9600000000000000e+00  2.4700706966667119e-01
1.9700000000000000e+00  2.4121973130797603e-01
1.9800000000000000e+00  2.3543763529809641e-01
1.9900000000000000e+00  2.2966118404558933e-01
2.0000000000000000e+00  2.2389077914123562e-01
2.0100000000000002e+00  2.1812682132584871e-01
2.0200000000000000e+00  2.1236971045817221e-01
2.0300000000000002e+00  2.0661984548286477e-01
2.0400000000000000e+00  2.0087762439857842e-01
2.0499999999999998e+00  1.9514344422612950e-01
2.0600000000000001e+00  1.8941770097676880e-01
2.0699999999999998e+00  1.8370078962055042e-01
2.0800000000000001e+00  1.7799310405480356e-01
2.0899999999999999e+00  1.7229503707271049e-01
2.1000000000000001e+00  1.6660698033199028e-01
2.1099999999999999e+00  1.6092932432369689e-01
2.1200000000000001e+00  1.5526245834112634e-01
2.1299999999999999e+00  1.4960677044884435e-01
2.1400000000000001e+00  1.4396264745182752e-01
2.1499999999999999e+00  1.3833047486473160e-01
2.1600000000000001e+00  1.3271063688127815e-01
2.1699999999999999e+00  1.2710351634377176e-01
2.1800000000000002e+00  1.2150949471274343e-01
2.1899999999999999e+00  1.1592895203672805e-01
2.2000000000000002e+00  1.1036226692217384e-01
2.2100000000000000e+00  1.0480981650349071e-01
2.2200000000000002e+00  9.9271976413235499e-02
2.2300000000000000e+00  9.3749120752441809e-02
2.2400000000000002e+00  8.8241622061091166e-02
2.2500000000000000e+00  8.2749851288734036e-02
2.2600000000000002e+00  7.7274177765257482e-02
2.2700000000000000e+00  7.1814969171807144e-02
2.2800000000000002e+00  6.6372591511860271e-02
2.2900000000000000e+00  6.0947409082459506e-02
2.3000000000000003e+00  5.5539784445601884e-02
2.3100000000000001e+00  5.0150078399792145e-02
2.3199999999999998e+00  4.4778649951758245e-02
2.3300000000000001e+00  3.9425856288334241e-02
2.3399999999999999e+00  3.4092052748511917e-02
2.3500000000000001e+00  2.8777592795661791e-02
2.3599999999999999e+00  2.3482827989930580e-02
2.3700000000000001e+00  1.8208107960810530e-02
2.3799999999999999e+00  1.2953780379890464e-02
2.3900000000000001e+00  7.7201909337841906e-03
2.3999999999999999e+00  2.5076832972438373e-03
2.4100000000000001e+00  -2.6834008935443382e-03
2.4199999999999999e+00  -7.8527220674746018e-03
2.4300000000000002e+00  -1.2999942744849627e-02
2.4399999999999999e+00  -1.8124727563514367e-02
2.4500000000000002e+00  -2.3226743304798861e-02
2.4600000000000000e+00  -2.8305658919262164e-02
2.4700000000000002e+00  -3.3361145552242163e-02
2.4800000000000000e+00  -3.8392876569200887e-02
2.4900000000000002e+00  -4.3400527580871498e-02
2.5000000000000000e+00  -4.8383776468198011e-02
2.5100000000000002e+00  -5.3342303407071037e-02
2.5200000000000000e+00  -5.8275790892852355e-02
2.5300000000000002e+00  -6.3183923764692160e-02
2.5400000000000000e+00  -6.8066389229630750e-02
2.5500000000000003e+00  -7.2922876886488006e-02
2.5600000000000001e+00  -7.7753078749534563e-02
2.5699999999999998e+00  -8.2556689271946107e-02
2.5800000000000001e+00  -8.7333405369036651e-02
2.5899999999999999e+00  -9.2082926441267907e-02
2.6000000000000001e+00  -9.6804954397038331e-02
2.6099999999999999e+00  -1.0149919367524089e-01
2.6200000000000001e+00  -1.0616535126759839e-01
2.6299999999999999e+00  -1.1080313674076357e-01
2.6400000000000001e+00  -1.1541226225819252e-01
2.6499999999999999e+00  -1.1999244260178051e-01
2.6600000000000001e+00  -1.2454339519326606e-01
2.6699999999999999e+00  -1.2906484011539521e-01
2.6800000000000002e+00  -1.3355650013284975e-01
2.6899999999999999e+00  -1.3801810071293225e-01
2.7000000000000002e+00  -1.4244937004601188e-01
2.7100000000000000e+00  -1.4685003906572403e-01
2.7200000000000002e+00  -1.5121984146892659e-01
2.7300000000000000e+00  -1.5555851373540702e-01
2.7400000000000002e+00  -1.5986579514734373e-01
2.7500000000000000e+00  -1.6414142780851365e-01
2.7600000000000002e+00  -1.6838515666325182e-01
2.7700000000000000e+00  -1.7259672951515426e-01
2.7800000000000002e+00  -1.7677589704552915e-01
2.7900000000000000e+00  -1.8092241283158900e-01
2.8000000000000003e+00  -1.8503603336438745e-01
2.8100000000000001e+00  -1.8911651806649477e-01
2.8199999999999998e+00  -1.9316362930941477e-01
2.8300000000000001e+00  -1.9717713243073848e-01
2.8399999999999999e+00  -2.0115679575103401e-01
2.8500000000000001e+00  -2.0510239059047375e-01
2.8599999999999999e+00  -2.0901369128519326e-01
2.8700000000000001e+00  -2.1289047520338489e-01
2.8799999999999999e+00  -2.1673252276112037e-01
2.8900000000000001e+00  -2.2053961743790679e-01
2.8999999999999999e+00  -2.2431154579196816e-01
2.9100000000000001e+00  -2.2804809747525734e-01
2.9199999999999999e+00  -2.3174906524819266e-01
2.9300000000000002e+00  -2.3541424499412228e-01
2.9399999999999999e+00  -2.3904343573350900e-01
2.9500000000000002e+00  -2.4263643963784309e-01
2.9600000000000000e+00  -2.4619306204327296e-01
2.9700000000000002e+00  -2.4971311146395980e-01
2.9800000000000000e+00  -2.5319639960515017e-01
2.9900000000000002e+00  -2.5664274137596993e-01
3.0000000000000000e+00  -2.6005195490193345e-01
3.0100000000000002e+00  -2.6342386153717262e-01
3.0200000000000000e+00  -2.6675828587637973e-01
3.0300000000000002e+00  -2.7005505576646788e-01
3.0400000000000000e+00  -2.7331400231794351e-01
3.0500000000000003e+00  -2.7653495991599464e-01
3.0600000000000001e+00  -2.7971776623128969e-01
3.0700000000000003e+00  -2.8286226223049071e-01
3.0800000000000001e+00  -2.8596829218647524e-01
3.0899999999999999e+00  -2.8903570368827086e-01
3.1000000000000001e+00  -2.9206434765069761e-01
3.1099999999999999e+00  -2.9505407832372027e-01
3.1200000000000001e+00  -2.9800475330150994e-01
3.1299999999999999e+00  -3.0091623353121072e-01
3.1400000000000001e+00  -3.0378838332141661e-01
3.1499999999999999e+00  -3.0662107035035208e-01
3.1600000000000001e+00  -3.0941416567376129e-01
3.1699999999999999e+00  -3.1216754373249961e-01
3.1800000000000002e+00  -3.1488108235983364e-01
3.1899999999999999e+00  -3.1755466278844197e-01
3.2000000000000002e+00  -3.2018816965712299e-01
3.2100000000000000e+00  -3.2278149101720399e-01
3.2200000000000002e+00  -3.2533451833865495e-01
3.2300000000000000e+00  -3.2784714651590391e-01
3.2400000000000002e+00  -3.3031927387335569e-01
3.2500000000000000e+00  -3.3275080217061154e-01
3.2600000000000002e+00  -3.3514163660739199e-01
3.2700000000000000e+00  -3.3749168582815997e-01
3.2800000000000002e+00  -3.3980086192644582e-01
3.2900000000000000e+00  -3.4206908044887280e-01
3.3000000000000003e+00  -3.4429626039888478e-01
3.3100000000000001e+00  -3.4648232424017195e-01
3.3200000000000003e+00  -3.4862719789980062e-01
3.3300000000000001e+00  -3.5073081077104035e-01
3.3399999999999999e+00  -3.5279309571589285e-01
3.3500000000000001e+00  -3.5481398906732126e-01
3.3599999999999999e+00  -3.5679343063117913e-01
3.3700000000000001e+00  -3.5873136368784003e-01
3.3799999999999999e+00  -3.6062773499352685e-01
3.3900000000000001e+00  -3.6248249478134276e-01
3.3999999999999999e+00  -3.6429559676200046e-01
3.4100000000000001e+00  -3.6606699812425425e-01
3.4199999999999999e+00  -3.6779665953503055e-01
3.4300000000000002e+00  -3.6948454513926116e-01
3.4399999999999999e+00  -3.7113062255941570e-01
3.4500000000000002e+00  -3.7273486289473662e-01
3.4600000000000000e+00  -3.7429724072017462e-01
3.4700000000000002e+00  -3.7581773408502656e-01
3.4800000000000000e+00  -3.7729632451127409e-01
3.4900000000000002e+00  -3.7873299699162638e-01
3.5000000000000000e+00  -3.8012773998726340e-01
3.5100000000000002e+00  -3.8148054542528376e-01
3.5200000000000000e+00  -3.8279140869585482e-01
3.5300000000000002e+00  -3.8406032864906747e-01
3.5400000000000000e+00  -3.8528730759149410e-01
3.5500000000000003e+00  -3.8647235128245244e-01
3.5600000000000001e+00  -3.8761546892997317e-01
3.5700000000000003e+00  -3.8871667318647501e-01
3.5800000000000001e+00  -3.8977598014414400e-01
3.5899999999999999e+00  -3.9079340933002138e-01
3.6000000000000001e+00  -3.9176898370079777e-01
3.6099999999999999e+00  -3.9270272963731601e-01
3.6200000000000001e+00  -3.9359467693878231e-01
3.6299999999999999e+00  -3.9444485881668695e-01
3.6400000000000001e+00  -3.9525331188843504e-01
3.6499999999999999e+00  -3.9602007617068830e-01
3.6600000000000001e+00  -3.9674519507241768e-01
3.6699999999999999e+00  -3.9742871538766927e-01
3.6800000000000002e+00  -3.9807068728804273e-01
3.6899999999999999e+00  -3.9867116431488364e-01
3.7000000000000002e+00  -3.9923020337119114e-01
3.7100000000000000e+00  -3.9974786471324092e-01
3.7200000000000002e+00  -4.0022421194192481e-01
3.7300000000000000e+00  -4.0065931199380805e-01
3.7400000000000002e+00  -4.0105323513190505e-01
3.7500000000000000e+00  -4.0140605493617432e-01
3.7600000000000002e+00  -4.0171784829373441e-01
3.7700000000000000e+00  -4.0198869538880061e-01
3.7800000000000002e+00  -4.0221867969234504e-01
3.7900000000000000e+00  -4.0240788795147969e-01
3.8000000000000003e+00  -4.0255641017856419e-01
3.8100000000000001e+00  -4.0266433964004028e-01
3.8200000000000003e+00  -4.0273177284499195e-01
3.8300000000000001e+00  -4.0275880953343485e-01
3.8399999999999999e+00  -4.0274555266433454e-01
3.8500000000000001e+00  -4.0269210840335529e-01
3.8599999999999999e+00  -4.0259858611034099e-01
3.8700000000000001e+00  -4.0246509832652883e-01
3.8799999999999999e+00  -4.0229176076149742e-01
3.8900000000000001e+00  -4.0207869227985099e-01
3.8999999999999999e+00  -4.0182601488763997e-01
3.9100000000000001e+00  -4.0153385371852018e-01
3.9199999999999999e+00  -4.0120233701965224e-01
3.9300000000000002e+00  -4.0083159613734126e-01
3.9399999999999999e+00  -4.0042176550242004e-01
3.9500000000000002e+00  -3.9997298261537539e-01
3.9600000000000000e+00  -3.9948538803122086e-01
3.9700000000000002e+00  -3.9895912534411543e-01
3.9800000000000000e+00  -3.9839434117173189e-01
3.9900000000000002e+00  -3.9779118513937434e-01
4.0000000000000000e+00  -3.9714980986384740e-01
4.0099999999999998e+00  -3.9647037093707910e-01
4.0200000000000005e+00  -3.9575302690949798e-01
4.0300000000000002e+00  -3.9499793927316679e-01
4.0400000000000000e+00  -3.9420527244467485e-01
4.0499999999999998e+00  -3.9337519374778790e-01
4.0600000000000005e+00  -3.9250787339586307e-01
4.0700000000000003e+00  -3.9160348447402304e-01
4.0800000000000001e+00  -3.9066220292109721e-01
4.0899999999999999e+00  -3.8968420751132976e-01
4.0999999999999996e+00  -3.8866967983585371e-01
4.1100000000000003e+00  -3.8761880428393763e-01
4.1200000000000001e+00  -3.8653176802400296e-01
4.1299999999999999e+00  -3.8540876098441507e-01
4.1399999999999997e+00  -3.8424997583404974e-01
4.1500000000000004e+00  -3.8305560796263799e-01
4.1600000000000001e+00  -3.8182585546088949e-01
4.1699999999999999e+00  -3.8056091910039674e-01
4.1799999999999997e+00  -3.7926100231332344e-01
4.1900000000000004e+00  -3.7792631117187658e-01
4.2000000000000002e+00  -3.7655705436756753e-01
4.2100000000000000e+00  -3.7515344319025984e-01
4.2199999999999998e+00  -3.7371569150700912e-01
4.2300000000000004e+00  -3.7224401574069604e-01
4.2400000000000002e+00  -3.7073863484845454e-01
4.2500000000000000e+00  -3.6919977029989531e-01
4.2599999999999998e+00  -3.6762764605513121e-01
4.2700000000000005e+00  -3.6602248854260089e-01
4.2800000000000002e+00  -3.6438452663669840e-01
4.2900000000000000e+00  -3.6271399163520579e-01
4.2999999999999998e+00  -3.6101111723653512e-01
4.3100000000000005e+00  -3.5927613951677823e-01
4.3200000000000003e+00  -3.5750929690657113e-01
4.3300000000000001e+00  -3.5571083016776850e-01
4.3399999999999999e+00  -3.5388098236993748e-01
4.3500000000000005e+00  -3.5201999886666924e-01
4.3600000000000003e+00  -3.5012812727171000e-01
4.3700000000000001e+00  -3.4820561743491535e-01
4.3799999999999999e+00  -3.4625272141803010e-01
4.3899999999999997e+00  -3.4426969347029568e-01
4.4000000000000004e+00  -3.4225679000388548e-01
4.4100000000000001e+00  -3.4021426956917478e-01
4.4199999999999999e+00  -3.3814239282984160e-01
4.4299999999999997e+00  -3.3604142253780728e-01
4.4400000000000004e+00  -3.3391162350801329e-01
4.4500000000000002e+00  -3.3175326259304200e-01
4.4600000000000000e+00  -3.2956660865757736e-01
4.4699999999999998e+00  -3.2735193255271522e-01
4.4800000000000004e+00  -3.2510950709011899e-01
4.4900000000000002e+00  -3.2283960701602904e-01
4.5000000000000000e+00  -3.2054250898512138e-01
4.5099999999999998e+00  -3.1821849153422582e-01
4.5200000000000005e+00  -3.1586783505589877e-01
4.5300000000000002e+00  -3.1349082177185961e-01
4.5400000000000000e+00  -3.1108773570628662e-01
4.5499999999999998e+00  -3.0865886265898090e-01
4.5600000000000005e+00  -3.0620449017839646e-01
4.5700000000000003e+00  -3.0372490753454257e-01
4.5800000000000001e+00  -3.0122040569175540e-01
4.5899999999999999e+00  -2.9869127728134903e-01
4.6000000000000005e+00  -2.9613781657414101e-01
4.6100000000000003e+00  -2.9356031945286115e-01
4.6200000000000001e+00  -2.9095908338444021e-01
4.6299999999999999e+00  -2.8833440739218597e-01
4.6399999999999997e+00  -2.8568659202784696e-01
4.6500000000000004e+00  -2.8301593934356606e-01
4.6600000000000001e+00  -2.8032275286372882e-01
4.6699999999999999e+00  -2.7760733755670480e-01
4.6799999999999997e+00  -2.7486999980648952e-01
4.6900000000000004e+00  -2.7211104738424635e-01
4.7000000000000002e+00  -2.6933078941975275e-01
4.7100000000000000e+00  -2.6652953637275023e-01
4.7199999999999998e+00  -2.6370760000420596e-01
4.7300000000000004e+00  -2.6086529334748332e-01
4.7400000000000002e+00  -2.5800293067942925e-01
4.7500000000000000e+00  -2.5512082749137394e-01
4.7599999999999998e+00  -2.5221930046005375e-01
4.7700000000000005e+00  -2.4929866741845397e-01
4.7800000000000002e+00  -2.4635924732657713e-01
4.7900000000000000e+00  -2.4340136024213690e-01
4.7999999999999998e+00  -2.4042532729118352e-01
4.8100000000000005e+00  -2.3743147063866060e-01
4.8200000000000003e+00  -2.3442011345889915e-01
4.8300000000000001e+00  -2.3139157990604545e-01
4.8399999999999999e+00  -2.2834619508443413e-01
4.8500000000000005e+00  -2.2528428501890074e-01
4.8600000000000003e+00  -2.2220617662504341e-01
4.8700000000000001e+00  -2.1911219767942977e-01
4.8799999999999999e+00  -2.1600267678975824e-01
4.8899999999999997e+00  -2.1287794336497132e-01
4.9000000000000004e+00  -2.0973832758532623e-01
4.9100000000000001e+00  -2.0658416037242616e-01
4.9199999999999999e+00  -2.0341577335921079e-01
4.9299999999999997e+00  -2.0023349885991432e-01
4.9400000000000004e+00  -1.9703766983998952e-01
4.9500000000000002e+00  -1.9382861988600378e-01
4.9600000000000000e+00  -1.9060668317550492e-01
4.9699999999999998e+00  -1.8737219444686604e-01
4.9800000000000004e+00  -1.8412548896910638e-01
4.9900000000000002e+00  -1.8086690251169549e-01
5.0000000000000000e+00  -1.7759677131433826e-01
5.0099999999999998e+00  -1.7431543205674926e-01
5.0200000000000005e+00  -1.7102322182841412e-01
5.0300000000000002e+00  -1.6772047809834564e-01
5.0400000000000000e+00  -1.6440753868483068e-01
5.0499999999999998e+00  -1.6108474172517759e-01
5.0600000000000005e+00  -1.5775242564546210e-01
5.0700000000000003e+00  -1.5441092913027799e-01
5.0800000000000001e+00  -1.5106059109248912e-01
5.0899999999999999e+00  -1.4770175064299446e-01
5.1000000000000005e+00  -1.4433474706050037e-01
5.1100000000000003e+00  -1.4095991976130928e-01
5.1200000000000001e+00  -1.3757760826912185e-01
5.1299999999999999e+00  -1.3418815218486005e-01
5.1399999999999997e+00  -1.3079189115651124e-01
5.1500000000000004e+00  -1.2738916484899662e-01
5.1600000000000001e+00  -1.2398031291406754e-01
5.1699999999999999e+00  -1.2056567496022902e-01
5.1799999999999997e+00  -1.1714559052269867e-01
5.1900000000000004e+00  -1.1372039903339846e-01
5.2000000000000002e+00  -1.1029043979098643e-01
5.2100000000000000e+00  -1.0685605193092543e-01
5.2199999999999998e+00  -1.0341757439559777e-01
5.2300000000000004e+00  -9.9975345904464524e-02
5.2400000000000002e+00  -9.6529704924273860e-02
5.2500000000000000e+00  -9.3080989639317838e-02
5.2599999999999998e+00  -8.9629537921746161e-02
5.2700000000000005e+00  -8.6175687301933410e-02
5.2800000000000002e+00  -8.2719774938907642e-02
5.2900000000000000e+00  -7.9262137590837167e-02
5.2999999999999998e+00  -7.5803111585584212e-02
5.3100000000000005e+00  -7.2343032791323633e-02
5.3200000000000003e+00  -6.8882236587232415e-02
5.3300000000000001e+00  -6.5421057834248175e-02
5.3399999999999999e+00  -6.1959830845904826e-02
5.3500000000000005e+00  -5.8498889359243564e-02
5.3600000000000003e+00  -5.5038566505804798e-02
5.3700000000000001e+00  -5.1579194782699671e-02
5.3799999999999999e+00  -4.8121106023768477e-02
5.3899999999999997e+00  -4.4664631370825124e-02
5.4000000000000004e+00  -4.1210101244991179e-02
5.4100000000000001e+00  -3.7757845318123207e-02
5.4199999999999999e+00  -3.4308192484332103e-02
5.4299999999999997e+00  -3.0861470831602358e-02
5.4400000000000004e+00  -2.7418007613509088e-02
5.4500000000000002e+00  -2.3978129221039035e-02
5.4600000000000000e+00  -2.0542161154512888e-02
5.4699999999999998e+00  -1.7110427995617791e-02
5.4800000000000004e+00  -1.3683253379547282e-02
5.4900000000000002e+00  -1.0260959967254932e-02
5.5000000000000000e+00  -6.8438694178192035e-03
5.5099999999999998e+00  -3.4323023609278483e-03
5.5200000000000005e+00  -2.6578369479758104e-05
5.5300000000000002e+00  3.3729840676902565e-03
5.5400000000000000e+00  6.7660675729658750e-03
5.5499999999999998e+00  1.0152355906974350e-02
5.5600000000000005e+00  1.3531533995485030e-02
5.5700000000000003e+00  1.6903287956175607e-02
5.5800000000000001e+00  2.0267305125267920e-02
5.5899999999999999e+00  2.3623274084025352e-02
5.6000000000000005e+00  2.6970884685114674e-02
5.6100000000000003e+00  3.0309828078825853e-02
5.6200000000000001e+00  3.3639796739152981e-02
5.6299999999999999e+00  3.6960484489727150e-02
5.6399999999999997e+00  4.0271586529604941e-02
5.6500000000000004e+00  4.3572799458907623e-02
5.6600000000000001e+00  4.6863821304307558e-02
5.6699999999999999e+00  5.0144351544364814e-02
5.6799999999999997e+00  5.3414091134705181e-02
5.6900000000000004e+00  5.6672742533042046e-02
5.7000000000000002e+00  5.9920009724037472e-02
5.7100000000000000e+00  6.3155598244003658e-02
5.7199999999999998e+00  6.6379215205438200e-02
5.7300000000000004e+00  6.9590569321394305e-02
5.7400000000000002e+00  7.2789370929681907e-02
5.7500000000000000e+00  7.5975332016901057e-02
5.7599999999999998e+00  7.9148166242300519e-02
5.7700000000000005e+00  8.2307588961463382e-02
5.7800000000000002e+00  8.5453317249815516e-02
5.7900000000000000e+00  8.8585069925957799e-02
5.7999999999999998e+00  9.1702567574816124e-02
5.8100000000000005e+00  9.4805532570610210e-02
5.8200000000000003e+00  9.7893689099637415e-02
5.8300000000000001e+00  1.0096676318287266e-01
5.8399999999999999e+00  1.0402448269837820e-01
5.8500000000000005e+00  1.0706657740352513e-01
5.8600000000000003e+00  1.1009277895702145e-01
5.8700000000000001e+00  1.1310282094074964e-01
5.8799999999999999e+00  1.1609643888140610e-01
5.8899999999999997e+00  1.1907337027194492e-01
5.9000000000000004e+00  1.2203335459282280e-01
5.9100000000000001e+00  1.2497613333304150e-01
5.9199999999999999e+00  1.2790145001099168e-01
5.9299999999999997e+00  1.3080905019508840e-01
5.9400000000000004e+00  1.3369868152420403e-01
5.9500000000000002e+00  1.3657009372789078e-01
5.9600000000000000e+00  1.3942303864639718e-01
5.9699999999999998e+00  1.4225727025047119e-01
5.9800000000000004e+00  1.4507254466095232e-01
5.9900000000000002e+00  1.4786862016814800e-01
6.0000000000000000e+00  1.5064525725099692e-01
6.0099999999999998e+00  1.5340221859601286e-01
6.0200000000000005e+00  1.5613926911601067e-01
6.0300000000000002e+00  1.5885617596861140e-01
6.0400000000000000e+00  1.6155270857452678e-01
6.0499999999999998e+00  1.6422863863561951e-01
6.0600000000000005e+00  1.6688374015273882e-01
6.0700000000000003e+00  1.6951778944332954e-01
6.0800000000000001e+00  1.7213056515881528e-01
6.0899999999999999e+00  1.7472184830175053e-01
6.1000000000000005e+00  1.7729142224274366e-01
6.1100000000000003e+00  1.7983907273714689e-01
6.1200000000000001e+00  1.8236458794151555e-01
6.1299999999999999e+00  1.8486775842983086e-01
6.1400000000000006e+00  1.8734837720948763e-01
6.1500000000000004e+00  1.8980623973704475e-01
6.1600000000000001e+00  1.9224114393373939e-01
6.1699999999999999e+00  1.9465289020075910e-01
6.1799999999999997e+00  1.9704128143427516e-01
6.1900000000000004e+00  1.9940612304023400e-01
6.2000000000000002e+00  2.0174722294890426e-01
6.2100000000000000e+00  2.0406439162918244e-01
6.2199999999999998e+00  2.0635744210265125e-01
6.2300000000000004e+00  2.0862618995739254e-01
6.2400000000000002e+00  2.1087045336155269e-01
6.2500000000000000e+00  2.1309005307666073e-01
6.2599999999999998e+00  2.1528481247069553e-01
6.2700000000000005e+00  2.1745455753090434e-01
6.2800000000000002e+00  2.1959911687636802e-01
6.2900000000000000e+00  2.2171832177031692e-01
6.2999999999999998e+00  2.2381200613219090e-01
6.3100000000000005e+00  2.2588000654944748e-01
6.3200000000000003e+00  2.2792216228911230e-01
6.3300000000000001e+00  2.2993831530907799e-01
6.3399999999999999e+00  2.3192831026914276e-01
6.3500000000000005e+00  2.3389199454179377e-01
6.3600000000000003e+00  2.3582921822273054e-01
6.3700000000000001e+00  2.3773983414113231e-01
6.3799999999999999e+00  2.3962369786966306e-01
6.3900000000000006e+00  2.4148066773421778e-01
6.4000000000000004e+00  2.4331060482340655e-01
6.4100000000000001e+00  2.4511337299777922e-01
6.4199999999999999e+00  2.4688883889878485e-01
6.4299999999999997e+00  2.4863687195747108e-01
6.4400000000000004e+00  2.5035734440291801e-01
6.4500000000000002e+00  2.5205013127040926e-01
6.4600000000000000e+00  2.5371511040933825e-01
6.4699999999999998e+00  2.5535216249084908e-01
6.4800000000000004e+00  2.5696117101521293e-01
6.4900000000000002e+00  2.5854202231893636e-01
6.5000000000000000e+00  2.6009460558160646e-01
6.5099999999999998e+00  2.6161881283246585e-01
6.5200000000000005e+00  2.6311453895672349e-01
6.5300000000000002e+00  2.6458168170159468e-01
6.5400000000000000e+00  2.6602014168207694e-01
6.5499999999999998e+00  2.6742982238645435e-01
6.5600000000000005e+00  2.6881063018153617e-01
6.5700000000000003e+00  2.7016247431762364e-01
6.5800000000000001e+00  2.7148526693321184e-01
6.5899999999999999e+00  2.7277892305941859e-01
6.6000000000000005e+00  2.7404336062414630e-01
6.6100000000000003e+00  2.7527850045597335e-01
6.6200000000000001e+00  2.7648426628777623e-01
6.6299999999999999e+00  2.7766058476008210e-01
6.6400000000000006e+00  2.7880738542415123e-01
6.6500000000000004e+00  2.7992460074478848e-01
6.6600000000000001e+00  2.8101216610288771e-01
6.6699999999999999e+00  2.8207001979770335e-01
6.6799999999999997e+00  2.8309810304885352e-01
6.6900000000000004e+00  2.8409635999805305e-01
6.7000000000000002e+00  2.8506473771057589e-01
6.7100000000000000e+00  2.8600318617644999e-01
6.7199999999999998e+00  2.8691165831137982e-01
6.7300000000000004e+00  2.8779010995740090e-01
6.7400000000000002e+00  2.8863849988326507e-01
6.7500000000000000e+00  2.8945678978455652e-01
6.7599999999999998e+00  2.9024494428353825e-01
6.7700000000000005e+00  2.9100293092873103e-01
6.7800000000000002e+00  2.9173072019422241e-01
6.7900000000000000e+00  2.9242828547870958e-01
6.7999999999999998e+00  2.9309560310427252e-01
6.8100000000000005e+00  2.9373265231488099e-01
6.8200000000000003e+00  2.9433941527463331e-01
6.8300000000000001e+00  2.9491587706572986e-01
6.8399999999999999e+00  2.9546202568617863e-01
6.8500000000000005e+00  2.9597785204723592e-01
6.8600000000000003e+00  2.9646334997058166e-01
6.8700000000000001e+00  2.9691851618522880e-01
6.8799999999999999e+00  2.9734335032416931e-01
6.8900000000000006e+00  2.9773785492075594e-01
6.9000000000000004e+00  2.9810203540482000e-01
6.9100000000000001e+00  2.9843590009852733e-01
6.9199999999999999e+00  2.9873946021197151e-01
6.9299999999999997e+00  2.9901272983850508e-01
6.9400000000000004e+00  2.9925572594981137e-01
6.9500000000000002e+00  2.9946846839071373e-01
6.9600000000000000e+00  2.9965097987372763e-01
6.9699999999999998e+00  2.9980328597335237e-01
6.9800000000000004e+00  2.9992541512010518e-01
6.9900000000000002e+00  3.0001739859429727e-01
7.0000000000000000e+00  3.0007927051955552e-01
7.0099999999999998e+00  3.0011106785608538e-01
7.0200000000000005e+00  3.0011283039368120e-01
7.0300000000000002e+00  3.0008460074448134e-01
7.0400000000000000e+00  3.0002642433547094e-01
7.0499999999999998e+00  2.9993834940073150e-01
7.0600000000000005e+00  2.9982042697343975e-01
7.0700000000000003e+00  2.9967271087761616e-01
7.0800000000000001e+00  2.9949525771962349e-01
7.0899999999999999e+00  2.9928812687941753e-01
7.1000000000000005e+00  2.9905138050155011e-01
7.1100000000000003e+00  2.9878508348592558e-01
7.1200000000000001e+00  2.9848930347831237e-01
7.1299999999999999e+00  2.9816411086061023e-01
7.1400000000000006e+00  2.9780957874087371e-01
7.1500000000000004e+00  2.9742578294309480e-01
7.1600000000000001e+00  2.9701280199674335e-01
7.1699999999999999e+00  2.9657071712606892e-01
7.1799999999999997e+00  2.9609961223916348e-01
7.1900000000000004e+00  2.9559957391678732e-01
7.2000000000000002e+00  2.9507069140095787e-01
7.2100000000000000e+00  2.9451305658330518e-01
7.2199999999999998e+00  2.9392676399319245e-01
7.2300000000000004e+00  2.9331191078560515e-01
7.2400000000000002e+00  2.9266859672880924e-01
7.2500000000000000e+00  2.9199692419177897e-01
7.2599999999999998e+00  2.9129699813139726e-01
7.2700000000000005e+00  2.9056892607942886e-01
7.2800000000000002e+00  2.8981281812926823e-01
7.2900000000000000e+00  2.8902878692246281e-01
7.2999999999999998e+00  2.8821694763501438e-01
7.3100000000000005e+00  2.8737741796345850e-01
7.3200000000000003e+00  2.8651031811072530e-01
7.3300000000000001e+00  2.8561577077178052e-01
7.3399999999999999e+00  2.8469390111905113e-01
7.3500000000000005e+00  2.8374483678763557e-01
7.3600000000000003e+00  2.8276870786029973e-01
7.3700000000000001e+00  2.8176564685226130e-01
7.3799999999999999e+00  2.8073578869576382e-01
7.3900000000000006e+00  2.7967927072444165e-01
7.4000000000000004e+00  2.7859623265747757e-01
7.4100000000000001e+00  2.7748681658355467e-01
7.4199999999999999e+00  2.7635116694460521e-01
7.4299999999999997e+00  2.7518943051935585e-01
7.4400000000000004e+00  2.7400175640667307e-01
7.4500000000000002e+00  2.7278829600871052e-01
7.4600000000000000e+00  2.7154920301385693e-01
7.4699999999999998e+00  2.7028463337949110e-01
7.4800000000000004e+00  2.6899474531454154e-01
7.4900000000000002e+00  2.6767969926185597e-01
7.5000000000000000e+00  2.6633965788037839e-01
7.5099999999999998e+00  2.6497478602714014e-01
7.5200000000000005e+00  2.6358525073906319e-01
7.5300000000000002e+00  2.6217122121458014e-01
7.5400000000000000e+00  2.6073286879506957e-01
7.5499999999999998e+00  2.5927036694611222e-01
7.5600000000000005e+00  2.5778389123856815e-01
7.5700000000000003e+00  2.5627361932947568e-01
7.5800000000000001e+00  2.5473973094277652e-01
7.5899999999999999e+00  2.5318240784986651e-01
7.6000000000000005e+00  2.5160183384997620e-01
7.6100000000000003e+00  2.4999819475038224e-01
7.6200000000000001e+00  2.4837167834644980e-01
7.6299999999999999e+00  2.4672247440151204e-01
7.6400000000000006e+00  2.4505077462658403e-01
7.6500000000000004e+00  2.4335677265991817e-01
7.6600000000000001e+00  2.4164066404639700e-01
7.6699999999999999e+00  2.3990264621677165e-01
7.6799999999999997e+00  2.3814291846674379e-01
7.6900000000000004e+00  2.3636168193589474e-01
7.7000000000000002e+00  2.3455913958646432e-01
7.7100000000000000e+00  2.3273549618197983e-01
7.7199999999999998e+00  2.3089095826573844e-01
7.7300000000000004e+00  2.2902573413914598e-01
7.7400000000000002e+00  2.2714003383991238e-01
7.7500000000000000e+00  2.2523406912010671e-01
7.7599999999999998e+00  2.2330805342407392e-01
7.7700000000000005e+00  2.2136220186621683e-01
7.7800000000000002e+00  2.1939673120864303e-01
7.7900000000000000e+00  2.1741185983868025e-01
7.7999999999999998e+00  2.1540780774626297e-01
7.8100000000000005e+00  2.1338479650119077e-01
7.8200000000000003e+00  2.1134304923026373e-01
7.8300000000000001e+00  2.0928279059429231e-01
7.8399999999999999e+00  2.0720424676498872e-01
7.8500000000000005e+00  2.0510764540173912e-01
7.8600000000000003e+00  2.0299321562826117e-01
7.8700000000000001e+00  2.0086118800914543e-01
7.8799999999999999e+00  1.9871179452628751e-01
7.8900000000000006e+00  1.9654526855520987e-01
7.9000000000000004e+00  1.9436184484127825e-01
7.9100000000000001e+00  1.9216175947581085e-01
7.9199999999999999e+00  1.8994524987208827e-01
7.9300000000000006e+00  1.8771255474126106e-01
7.9400000000000004e+00  1.8546391406816237e-01
7.9500000000000002e+00  1.8319956908702226e-01
7.9600000000000000e+00  1.8091976225709122e-01
7.9699999999999998e+00  1.7862473723817290e-01
7.9800000000000004e+00  1.7631473886606774e-01
7.9900000000000002e+00  1.7399001312793258e-01
8.0000000000000000e+00  1.7165080713755390e-01
8.0099999999999998e+00  1.6929736911054294e-01
8.0199999999999996e+00  1.6692994833945060e-01
8.0299999999999994e+00  1.6454879516880616e-01
8.0400000000000009e+00  1.6215416097008215e-01
8.0500000000000007e+00  1.5974629811658916e-01
8.0600000000000005e+00  1.5732545995829814e-01
8.0700000000000003e+00  1.5489190079659948e-01
8.0800000000000001e+00  1.5244587585899586e-01
8.0899999999999999e+00  1.4998764127373429e-01
8.0999999999999996e+00  1.4751745404437766e-01
8.1099999999999994e+00  1.4503557202432030e-01
8.1200000000000010e+00  1.4254225389124767e-01
8.1300000000000008e+00  1.4003775912154687e-01
8.1400000000000006e+00  1.3752234796466209e-01
8.1500000000000004e+00  1.3499628141740830e-01
8.1600000000000001e+00  1.3245982119823699e-01
8.1699999999999999e+00  1.2991322972146024e-01
8.1799999999999997e+00  1.2735677007143517e-01
8.1899999999999995e+00  1.2479070597671042e-01
8.1999999999999993e+00  1.2221530178413773e-01
8.2100000000000009e+00  1.1963082243295065e-01
8.2200000000000006e+00  1.1703753342881509e-01
8.2300000000000004e+00  1.1443570081784787e-01
8.2400000000000002e+00  1.1182559116061438e-01
8.2500000000000000e+00  1.0920747150610136e-01
8.2599999999999998e+00  1.0658160936566961e-01
8.2699999999999996e+00  1.0394827268698907e-01
8.2799999999999994e+00  1.0130772982795817e-01
8.2900000000000009e+00  9.8660249530609964e-02
8.3000000000000007e+00  9.6006100895010243e-02
8.3100000000000005e+00  9.3345553353142360e-02
8.3200000000000003e+00  9.0678876642791686e-02
8.3300000000000001e+00  8.8006340781424428e-02
8.3399999999999999e+00  8.5328216040065963e-02
8.3499999999999996e+00  8.2644772917181197e-02
8.3599999999999994e+00  7.9956282112558966e-02
8.3700000000000010e+00  7.7263014501202751e-02
8.3800000000000008e+00  7.4565241107232560e-02
8.3900000000000006e+00  7.1863233077793881e-02
8.4000000000000004e+00  6.9157261656985186e-02
8.4100000000000001e+00  6.6447598159799406e-02
8.4199999999999999e+00  6.3734513946084828e-02
8.4299999999999997e+00  6.1018280394527002e-02
8.4399999999999995e+00  5.8299168876654636e-02
8.4499999999999993e+00  5.5577450730871288e-02
8.4600000000000009e+00  5.2853397236515214e-02
8.4700000000000006e+00  5.0127279587952413e-02
8.4800000000000004e+00  4.7399368868698472e-02
8.4900000000000002e+00  4.4669936025580344e-02
8.5000000000000000e+00  4.1939251842934490e-02
8.5099999999999998e+00  3.9207586916845671e-02
8.5199999999999996e+00  3.6475211629428475e-02
8.5299999999999994e+00  3.3742396123154460e-02
8.5400000000000009e+00  3.1009410275226093e-02
8.5500000000000007e+00  2.8276523672003551e-02
8.5600000000000005e+00  2.5544005583478416e-02
8.5700000000000003e+00  2.2812124937807564e-02
8.5800000000000001e+00  2.0081150295901264e-02
8.5899999999999999e+00  1.7351349826071446e-02
8.5999999999999996e+00  1.4622991278741277e-02
8.6099999999999994e+00  1.1896341961219477e-02
8.6200000000000010e+00  9.1716687125397937e-03
8.6300000000000008e+00  6.4492378783721138e-03
8.6400000000000006e+00  3.7293152859994611e-03
8.6500000000000004e+00  1.0121662193731857e-03
8.6600000000000001e+00  -1.7019446057586973e-03
8.6699999999999999e+00  -4.4127530666448270e-03
8.6799999999999997e+00  -7.1199956582437759e-03
8.6899999999999995e+00  -9.8234095178549065e-03
8.7000000000000011e+00  -1.2522732449665088e-02
8.7100000000000009e+00  -1.5217702949206165e-02
8.7200000000000006e+00  -1.7908060227728187e-02
8.7300000000000004e+00  -2.0593544236476552e-02
8.7400000000000002e+00  -2.3273895690877903e-02
8.7500000000000000e+00  -2.5948856094629952e-02
8.7599999999999998e+00  -2.8618167763693386e-02
8.7699999999999996e+00  -3.1281573850183743e-02
8.7799999999999994e+00  -3.3938818366160889e-02
8.7900000000000009e+00  -3.6589646207314801e-02
8.8000000000000007e+00  -3.9233803176542237e-02
8.8100000000000005e+00  -4.1871036007419558e-02
8.8200000000000003e+00  -4.4501092387560101e-02
8.8300000000000001e+00  -4.7123720981860774e-02
8.8399999999999999e+00  -4.9738671455633494e-02
8.8499999999999996e+00  -5.2345694497619402e-02
8.8599999999999994e+00  -5.4944541842883651e-02
8.8700000000000010e+00  -5.7534966295590052e-02
8.8800000000000008e+00  -6.0116721751649581e-02
8.8900000000000006e+00  -6.2689563221248468e-02
8.9000000000000004e+00  -6.5253246851244409e-02
8.9100000000000001e+00  -6.7807529947435496e-02
8.9199999999999999e+00  -7.0352170996697855e-02
8.9299999999999997e+00  -7.2886929688989396e-02
8.9399999999999995e+00  -7.5411566939218744e-02
8.9500000000000011e+00  -7.7925844908977360e-02
8.9600000000000009e+00  -8.0429527028130041e-02
8.9700000000000006e+00  -8.2922378016269102e-02
8.9800000000000004e+00  -8.5404163904020960e-02
8.9900000000000002e+00  -8.7874652054210162e-02
9.0000000000000000e+00  -9.0333611182876111e-02
9.0099999999999998e+00  -9.2780811380141437e-02
9.0199999999999996e+00  -9.5216024130929500e-02
9.0299999999999994e+00  -9.7639022335530054e-02
9.0400000000000009e+00  -1.0004958033001109e-01
9.0500000000000007e+00  -1.0244747390647237e-01
9.0600000000000005e+00  -1.0483248033314592e-01
9.0700000000000003e+00  -1.0720437837433268e-01
9.0800000000000001e+00  -1.0956294831018006e-01
9.0899999999999999e+00  -1.1190797195629600e-01
9.0999999999999996e+00  -1.1423923268319867e-01
9.1099999999999994e+00  -1.1655651543559956e-01
9.1200000000000010e+00  -1.1885960675151905e-01
9.1300000000000008e+00  -1.2114829478123014e-01
9.1400000000000006e+00  -1.2342236930603505e-01
9.1500000000000004e+00  -1.2568162175686462e-01
9.1600000000000001e+00  -1.2792584523270506e-01
9.1699999999999999e+00  -1.3015483451884829e-01
9.1799999999999997e+00  -1.3236838610496435e-01
9.1899999999999995e+00  -1.3456629820299451e-01
9.2000000000000011e+00  -1.3674837076486385e-01
9.2100000000000009e+00  -1.3891440550000933e-01
9.2200000000000006e+00  -1.4106420589272817e-01
9.2300000000000004e+00  -1.4319757721933657e-01
9.2400000000000002e+00  -1.4531432656514362e-01
9.2500000000000000e+00  -1.4741426284123624e-01
9.2599999999999998e+00  -1.4949719680107515e-01
9.2699999999999996e+00  -1.5156294105689838e-01
9.2799999999999994e+00  -1.5361131009593310e-01
9.2900000000000009e+00  -1.5564212029641392e-01
9.3000000000000007e+00  -1.5765518994340308e-01
9.3100000000000005e+00  -1.5965033924441896e-01
9.3200000000000003e+00  -1.6162739034486159e-01
9.3300000000000001e+00  -1.6358616734324191e-01
9.3399999999999999e+00  -1.6552649630620919e-01
9.3499999999999996e+00  -1.6744820528337728e-01
9.3599999999999994e+00  -1.6935112432194727e-01
9.3700000000000010e+00  -1.7123508548112665e-01
9.3800000000000008e+00  -1.7309992284634104e-01
9.3900000000000006e+00  -1.7494547254324272e-01
9.4000000000000004e+00  -1.7677157275150798e-01
9.4100000000000001e+00  -1.7857806371842719e-01
9.4199999999999999e+00  -1.8036478777228435e-01
9.4299999999999997e+00  -1.8213158933552567e-01
9.4399999999999995e+00  -1.8387831493771581e-01
9.4500000000000011e+00  -1.8560481322828126e-01
9.4600000000000009e+00  -1.8731093498903753e-01
9.4700000000000006e+00  -1.8899653314650405e-01
9.4800000000000004e+00  -1.9066146278400065e-01
9.4900000000000002e+00  -1.9230558115352661e-01
9.5000000000000000e+00  -1.9392874768742235e-01
9.5099999999999998e+00  -1.9553082400981181e-01
9.5199999999999996e+00  -1.9711167394782439e-01
9.5299999999999994e+00  -1.9867116354259567e-01
9.5400000000000009e+00  -2.0020916106004749e-01
9.5500000000000007e+00  -2.0172553700144330e-01
9.5600000000000005e+00  -2.0322016411372229e-01
9.5700000000000003e+00  -2.0469291739960779e-01
9.5800000000000001e+00  -2.0614367412749088e-01
9.5899999999999999e+00  -2.0757231384108796e-01
9.5999999999999996e+00  -2.0897871836887241e-01
9.6099999999999994e+00  -2.1036277183327826e-01
9.6200000000000010e+00  -2.1172436065967662e-01
9.6300000000000008e+00  -2.1306337358512167e-01
9.6400000000000006e+00  -2.1437970166687051e-01
9.6500000000000004e+00  -2.1567323829067028e-01
9.6600000000000001e+00  -2.1694387917881594e-01
9.6699999999999999e+00  -2.1819152239797659e-01
9.6799999999999997e+00  -2.1941606836679070e-01
9.6899999999999995e+00  -2.2061741986322875e-01
9.7000000000000011e+00  -2.2179548203172300e-01
9.7100000000000009e+00  -2.2295016239006410e-01
9.7200000000000006e+00  -2.2408137083606480e-01
9.7300000000000004e+00  -2.2518901965398880e-01
9.7400000000000002e+00  -2.2627302352074530e-01
9.7500000000000000e+00  -2.2733329951184830e-01
9.7599999999999998e+00  -2.2836976710714127e-01
9.7699999999999996e+00  -2.2938234819628589e-01
9.7799999999999994e+00  -2.3037096708401436e-01
9.7900000000000009e+00  -2.3133555049514626e-01
9.8000000000000007e+00  -2.3227602757936749e-01
9.8100000000000005e+00  -2.3319232991577460e-01
9.8200000000000003e+00  -2.3408439151717972e-01
9.8300000000000001e+00  -2.3495214883417914e-01
9.8399999999999999e+00  -2.3579554075898496e-01
9.8499999999999996e+00  -2.3661450862901817e-01
9.8599999999999994e+00  -2.3740899623026390e-01
9.8700000000000010e+00  -2.3817894980038998e-01
9.8800000000000008e+00  -2.3892431803162539e-01
9.8900000000000006e+00  -2.3964505207340245e-01
9.9000000000000004e+00  -2.4034110553476024e-01
9.9100000000000001e+00  -2.4101243448650891e-01
9.9199999999999999e+00  -2.4165899746315683e-01
9.9299999999999997e+00  -2.4228075546459898e-01
9.9399999999999995e+00  -2.4287767195756735e-01
9.9500000000000011e+00  -2.4344971287684325e-01
9.9600000000000009e+00  -2.4399684662623067e-01
9.9700000000000006e+00  -2.4451904407929295e-01
9.9800000000000004e+00  -2.4501627857985084e-01
9.9900000000000002e+00  -2.4548852594224296e-01
1.0000000000000000e+01  -2.4593576445134832e-01
1.0010000000000000e+01  -2.4635797486237238e-01
1.0020000000000000e+01  -2.4675514040039509e-01
1.0029999999999999e+01  -2.4712724675968237e-01
1.0040000000000001e+01  -2.4747428210276068e-01
1.0050000000000001e+01  -2.4779623705925594e-01
1.0060000000000000e+01  -2.4809310472449506e-01
1.0070000000000000e+01  -2.4836488065787288e-01
1.0080000000000000e+01  -2.4861156288098304e-01
1.0090000000000000e+01  -2.4883315187551394e-01
1.0100000000000000e+01  -2.4902965058091001e-01
1.0109999999999999e+01  -2.4920106439179887e-01
1.0120000000000001e+01  -2.4934740115518428e-01
1.0130000000000001e+01  -2.4946867116740629e-01
1.0140000000000001e+01  -2.4956488717086764e-01
1.0150000000000000e+01  -2.4963606435052860e-01
1.0160000000000000e+01  -2.4968222033016937e-01
1.0170000000000000e+01  -2.4970337516842139e-01
1.0180000000000000e+01  -2.4969955135456792e-01
1.0190000000000000e+01  -2.4967077380411384e-01
1.0200000000000001e+01  -2.4961706985412671e-01
1.0210000000000001e+01  -2.4953846925834827e-01
1.0220000000000001e+01  -2.4943500418207767e-01
1.0230000000000000e+01  -2.4930670919682729e-01
1.0240000000000000e+01  -2.4915362127475171e-01
1.0250000000000000e+01  -2.4897577978284943e-01
1.0260000000000000e+01  -2.4877322647694061e-01
1.0270000000000000e+01  -2.4854600549541878e-01
1.0279999999999999e+01  -2.4829416335277921e-01
1.0290000000000001e+01  -2.4801774893292367e-01
1.0300000000000001e+01  -2.4771681348224361e-01
1.0310000000000000e+01  -2.4739141060248046e-01
1.0320000000000000e+01  -2.4704159624336672e-01
1.0330000000000000e+01  -2.4666742869504582e-01
1.0340000000000000e+01  -2.4626896858027444e-01
1.0350000000000000e+01  -2.4584627884640581e-01
1.0359999999999999e+01  -2.4539942475715640e-01
1.0370000000000001e+01  -2.4492847388415637e-01
1.0380000000000001e+01  -2.4443349609828521e-01
1.0390000000000001e+01  -2.4391456356079264e-01
1.0400000000000000e+01  -2.4337175071420716e-01
1.0410000000000000e+01  -2.4280513427303171e-01
1.0420000000000000e+01  -2.4221479321422923e-01
1.0430000000000000e+01  -2.4160080876749743e-01
1.0440000000000000e+01  -2.4096326440533530e-01
1.0450000000000001e+01  -2.4030224583290175e-01
1.0460000000000001e+01  -2.3961784097766747e-01
1.0470000000000001e+01  -2.3891013997886149e-01
1.0480000000000000e+01  -2.3817923517671358e-01
1.0490000000000000e+01  -2.3742522110149314e-01
1.0500000000000000e+01  -2.3664819446234714e-01
1.0510000000000000e+01  -2.3584825413593610e-01
1.0520000000000000e+01  -2.3502550115487192e-01
1.0529999999999999e+01  -2.3418003869595677e-01
1.0540000000000001e+01  -2.3331197206822515e-01
1.0550000000000001e+01  -2.3242140870079148e-01
1.0560000000000000e+01  -2.3150845813050147e-01
1.0570000000000000e+01  -2.3057323198939239e-01
1.0580000000000000e+01  -2.2961584399196103e-01
1.0590000000000000e+01  -2.2863640992224116e-01
1.0600000000000000e+01  -2.2763504762069309e-01
1.0609999999999999e+01  -2.2661187697090474e-01
1.0620000000000001e+01  -2.2556701988610775e-01
1.0630000000000001e+01  -2.2450060029550861e-01
1.0640000000000001e+01  -2.2341274413043605e-01
1.0650000000000000e+01  -2.2230357931030822e-01
1.0660000000000000e+01  -2.2117323572841815e-01
1.0670000000000000e+01  -2.2002184523754217e-01
1.0680000000000000e+01  -2.1884954163536988e-01
1.0690000000000000e+01  -2.1765646064975919e-01
1.0700000000000001e+01  -2.1644273992381735e-01
1.0710000000000001e+01  -2.1520851900080962e-01
1.0720000000000001e+01  -2.1395393930889592e-01
1.0730000000000000e+01  -2.1267914414569991e-01
1.0740000000000000e+01  -2.1138427866270940e-01
1.0750000000000000e+01  -2.1006948984951079e-01
1.0760000000000000e+01  -2.0873492651785891e-01
1.0770000000000000e+01  -2.0738073928558501e-01
1.0779999999999999e+01  -2.0600708056034228e-01
1.0790000000000001e+01  -2.0461410452319315e-01
1.0800000000000001e+01  -2.0320196711203894e-01
1.0810000000000000e+01  -2.0177082600489152e-01
1.0820000000000000e+01  -2.0032084060299368e-01
1.0830000000000000e+01  -1.9885217201378461e-01
1.0840000000000000e+01  -1.9736498303371580e-01
1.0850000000000000e+01  -1.9585943813091775e-01
1.0859999999999999e+01  -1.9433570342771855e-01
1.0870000000000001e+01  -1.9279394668301852e-01
1.0880000000000001e+01  -1.9123433727452069e-01
1.0890000000000001e+01  -1.8965704618081777e-01
1.0900000000000000e+01  -1.8806224596334209e-01
1.0910000000000000e+01  -1.8645011074817469e-01
1.0920000000000000e+01  -1.8482081620772009e-01
1.0930000000000000e+01  -1.8317453954224527e-01
1.0940000000000000e+01  -1.8151145946128691e-01
1.0950000000000001e+01  -1.7983175616492711e-01
1.0960000000000001e+01  -1.7813561132494213e-01
1.0970000000000001e+01  -1.7642320806582124e-01
1.0980000000000000e+01  -1.7469473094566340e-01
1.0990000000000000e+01  -1.7295036593695007e-01
1.1000000000000000e+01  -1.7119030040719610e-01
1.1010000000000000e+01  -1.6941472309948252e-01
1.1020000000000000e+01  -1.6762382411287188e-01
1.1029999999999999e+01  -1.6581779488270809e-01
1.1040000000000001e+01  -1.6399682816080308e-01
1.1050000000000001e+01  -1.6216111799551375e-01
1.1060000000000000e+01  -1.6031085971170642e-01
1.1070000000000000e+01  -1.5844624989061717e-01
1.1080000000000000e+01  -1.5656748634960571e-01
1.1090000000000000e+01  -1.5467476812180622e-01
1.1100000000000000e+01  -1.5276829543567688e-01
1.1109999999999999e+01  -1.5084826969445062e-01
1.1120000000000001e+01  -1.4891489345548831e-01
1.1130000000000001e+01  -1.4696837040953870e-01
1.1140000000000001e+01  -1.4500890535990199e-01
1.1150000000000000e+01  -1.4303670420150622e-01
1.1160000000000000e+01  -1.4105197389989271e-01
1.1170000000000000e+01  -1.3905492247011575e-01
1.1180000000000000e+01  -1.3704575895555710e-01
1.1190000000000000e+01  -1.3502469340665885e-01
1.1200000000000001e+01  -1.3299193685957442e-01
1.1210000000000001e+01  -1.3094770131474434e-01
1.1220000000000001e+01  -1.2889219971539120e-01
1.1230000000000000e+01  -1.2682564592594514e-01
1.1240000000000000e+01  -1.2474825471039491e-01
1.1250000000000000e+01  -1.2266024171056994e-01
1.1260000000000000e+01  -1.2056182342435501e-01
1.1270000000000000e+01  -1.1845321718383887e-01
1.1279999999999999e+01  -1.1633464113340018e-01
1.1290000000000001e+01  -1.1420631420773160e-01
1.1300000000000001e+01  -1.1206845610980694e-01
1.1310000000000000e+01  -1.0992128728878760e-01
1.1320000000000000e+01  -1.0776502891787836e-01
1.1330000000000000e+01  -1.0559990287212859e-01
1.1340000000000000e+01  -1.0342613170618377e-01
1.1350000000000000e+01  -1.0124393863198869e-01
1.1359999999999999e+01  -9.9053547496444919e-02
1.1370000000000001e+01  -9.6855182759024022e-02
1.1380000000000001e+01  -9.4649069469341318e-02
1.1390000000000001e+01  -9.2435433244686241e-02
1.1400000000000000e+01  -9.0214500247519550e-02
1.1410000000000000e+01  -8.7986497162933525e-02
1.1420000000000000e+01  -8.5751651176079927e-02
1.1430000000000000e+01  -8.3510189949567271e-02
1.1440000000000000e+01  -8.1262341600829846e-02
1.1450000000000001e+01  -7.9008334679470119e-02
1.1460000000000001e+01  -7.6748398144578941e-02
1.1470000000000001e+01  -7.4482761342030607e-02
1.1480000000000000e+01  -7.2211653981761784e-02
1.1490000000000000e+01  -6.9935306115031293e-02
1.1500000000000000e+01  -6.7653948111665224e-02
1.1510000000000000e+01  -6.5367810637289095e-02
1.1520000000000000e+01  -6.3077124630549139e-02
1.1529999999999999e+01  -6.0782121280325299e-02
1.1540000000000001e+01  -5.8483032002937259e-02
1.1550000000000001e+01  -5.6180088419348587e-02
1.1560000000000000e+01  -5.3873522332364782e-02
1.1570000000000000e+01  -5.1563565703835690e-02
1.1580000000000000e+01  -4.9250450631858393e-02
1.1590000000000000e+01  -4.6934409327985205e-02
1.1600000000000000e+01  -4.4615674094438437e-02
1.1609999999999999e+01  -4.2294477301334378e-02
1.1620000000000001e+01  -3.9971051363918035e-02
1.1630000000000001e+01  -3.7645628719813369e-02
1.1640000000000001e+01  -3.5318441806285163e-02
1.1650000000000000e+01  -3.2989723037522539e-02
1.1660000000000000e+01  -3.0659704781940869e-02
1.1670000000000000e+01  -2.8328619339505777e-02
1.1680000000000000e+01  -2.5996698919081872e-02
1.1690000000000000e+01  -2.3664175615807730e-02
1.1700000000000001e+01  -2.1331281388499247e-02
1.1710000000000001e+01  -1.8998248037086055e-02
1.1720000000000001e+01  -1.6665307180076316e-02
1.1730000000000000e+01  -1.4332690232061450e-02
1.1740000000000000e+01  -1.2000628381255488e-02
1.1750000000000000e+01  -9.6693525670746260e-03
1.1760000000000000e+01  -7.3390934577582815e-03
1.1770000000000000e+01  -5.0100814280336897e-03
1.1779999999999999e+01  -2.6825465368265499e-03
1.1790000000000001e+01  -3.5671850501908721e-04
1.1800000000000001e+01  1.9671733067398193e-03
1.1810000000000000e+01  4.2888999201764174e-03
1.1820000000000000e+01  6.6082327614753970e-03
1.1830000000000000e+01  8.9249436833090650e-03
1.1840000000000000e+01  1.1238804986807554e-02
1.1850000000000000e+01  1.3549589443468532e-02
1.1859999999999999e+01  1.5857070317004340e-02
1.1870000000000001e+01  1.8161021385124872e-02
1.1880000000000001e+01  2.0461216961251593e-02
1.1890000000000001e+01  2.2757431916167126e-02
1.1900000000000000e+01  2.5049441699589638e-02
1.1910000000000000e+01  2.7337022361676594e-02
1.1920000000000000e+01  2.9619950574453255e-02
1.1930000000000000e+01  3.1898003653164135e-02
1.1940000000000000e+01  3.4170959577545720e-02
1.1950000000000001e+01  3.6438597013018680e-02
1.1960000000000001e+01  3.8700695331795057e-02
1.1970000000000001e+01  4.0957034633904620e-02
1.1980000000000000e+01  4.3207395768130707e-02
1.1990000000000000e+01  4.5451560352858605e-02
1.2000000000000000e+01  4.7689310796833556e-02
1.2010000000000000e+01  4.9920430319825328e-02
1.2020000000000000e+01  5.2144702973198925e-02
1.2030000000000001e+01  5.4361913660388277e-02
1.2040000000000001e+01  5.6571848157270288e-02
1.2050000000000001e+01  5.8774293132442090e-02
1.2060000000000000e+01  6.0969036167392000e-02
1.2070000000000000e+01  6.3155865776568718e-02
1.2080000000000000e+01  6.5334571427343682e-02
1.2090000000000000e+01  6.7504943559865971e-02
1.2100000000000000e+01  6.9666773606807300e-02
1.2109999999999999e+01  7.1819854012995524e-02
1.2120000000000001e+01  7.3963978254935170e-02
1.2130000000000001e+01  7.6098940860211017e-02
1.2140000000000001e+01  7.8224537426778512e-02
1.2150000000000000e+01  8.0340564642131435e-02
1.2160000000000000e+01  8.2446820302351329e-02
1.2170000000000000e+01  8.4543103331034014e-02
1.2180000000000000e+01  8.6629213798092256e-02
1.2190000000000000e+01  8.8704952938432571e-02
1.2200000000000001e+01  9.0770123170505090e-02
1.2210000000000001e+01  9.2824528114722402e-02
1.2220000000000001e+01  9.4867972611751020e-02
1.2230000000000000e+01  9.6900262740667001e-02
1.2240000000000000e+01  9.8921205836979026e-02
1.2250000000000000e+01  1.0093061051051508e-01
1.2260000000000000e+01  1.0292828666317221e-01
1.2270000000000000e+01  1.0491404550652639e-01
1.2280000000000001e+01  1.0688769957930301e-01
1.2290000000000001e+01  1.0884906276470237e-01
1.2300000000000001e+01  1.1079795030758544e-01
1.2310000000000000e+01  1.1273417883151048e-01
1.2320000000000000e+01  1.1465756635562442e-01
1.2330000000000000e+01  1.1656793231140532e-01
1.2340000000000000e+01  1.1846509755925502e-01
1.2350000000000000e+01  1.2034888440493997e-01
1.2359999999999999e+01  1.2221911661587929e-01
1.2370000000000001e+01  1.2407561943727856e-01
1.2380000000000001e+01  1.2591821960810601e-01
1.2390000000000001e+01  1.2774674537691466e-01
1.2400000000000000e+01  1.2956102651750229e-01
1.2410000000000000e+01  1.3136089434441317e-01
1.2420000000000000e+01  1.3314618172827727e-01
1.2430000000000000e+01  1.3491672311098724e-01
1.2440000000000000e+01  1.3667235452071014e-01
1.2450000000000001e+01  1.3841291358673496e-01
1.2460000000000001e+01  1.4013823955415056e-01
1.2470000000000001e+01  1.4184817329835886e-01
1.2480000000000000e+01  1.4354255733941576e-01
1.2490000000000000e+01  1.4522123585620178e-01
1.2500000000000000e+01  1.4688405470042110e-01
1.2510000000000000e+01  1.4853086141042710e-01
1.2520000000000000e+01  1.5016150522487298e-01
1.2530000000000001e+01  1.5177583709618733e-01
1.2540000000000001e+01  1.5337370970387113e-01
1.2550000000000001e+01  1.5495497746761919e-01
1.2560000000000000e+01  1.5651949656026037e-01
1.2570000000000000e+01  1.5806712492051775e-01
1.2580000000000000e+01  1.5959772226558763e-01
1.2590000000000000e+01  1.6111115010353588e-01
1.2600000000000000e+01  1.6260727174551062e-01
1.2609999999999999e+01  1.6408595231776985e-01
1.2620000000000001e+01  1.6554705877352391e-01
1.2630000000000001e+01  1.6699045990458988e-01
1.2640000000000001e+01  1.6841602635286063e-01
1.2650000000000000e+01  1.6982363062158234e-01
1.2660000000000000e+01  1.7121314708644400e-01
1.2670000000000000e+01  1.7258445200647560e-01
1.2680000000000000e+01  1.7393742353475489e-01
1.2690000000000000e+01  1.7527194172892177e-01
1.2700000000000001e+01  1.7658788856149918e-01
1.2710000000000001e+01  1.7788514793001850e-01
1.2720000000000001e+01  1.7916360566695294e-01
1.2730000000000000e+01  1.8042314954945174e-01
1.2740000000000000e+01  1.8166366930887895e-01
1.2750000000000000e+01  1.8288505664015528e-01
1.2760000000000000e+01  1.8408720521090019e-01
1.2770000000000000e+01  1.8527001067037641e-01
1.2780000000000001e+01  1.8643337065823365e-01
1.2790000000000001e+01  1.8757718481305161e-01
1.2800000000000001e+01  1.8870135478068339e-01
1.2810000000000000e+01  1.8980578422239505e-01
1.2820000000000000e+01  1.9089037882280399e-01
1.2830000000000000e+01  1.9195504629761340e-01
1.2840000000000000e+01  1.9299969640114337e-01
1.2850000000000000e+01  1.9402424093365769e-01
1.2859999999999999e+01  1.9502859374848538e-01
1.2870000000000001e+01  1.9601267075893711e-01
1.2880000000000001e+01  1.9697638994501471e-01
1.2890000000000001e+01  1.9791967135991606e-01
1.2900000000000000e+01  1.9884243713633096e-01
1.2910000000000000e+01  1.9974461149253045e-01
1.2920000000000000e+01  2.0062612073824820e-01
1.2930000000000000e+01  2.0148689328035324e-01
1.2940000000000000e+01  2.0232685962831443e-01
1.2950000000000001e+01  2.0314595239945502e-01
1.2960000000000001e+01  2.0394410632399815e-01
1.2970000000000001e+01  2.0472125824990289e-01
1.2980000000000000e+01  2.0547734714748897e-01
1.2990000000000000e+01  2.0621231411385213e-01
1.3000000000000000e+01  2.0692610237706777e-01
1.3010000000000000e+01  2.0761865730018442e-01
1.3020000000000000e+01  2.0828992638500499e-01
1.3030000000000001e+01  2.0893985927565720e-01
1.3040000000000001e+01  2.0956840776195165e-01
1.3050000000000001e+01  2.1017552578252893e-01
1.3060000000000000e+01  2.1076116942779374e-01
1.3070000000000000e+01  2.1132529694263683e-01
1.3080000000000000e+01  2.1186786872894536e-01
1.3090000000000000e+01  2.1238884734790014e-01
1.3100000000000000e+01  2.1288819752206037e-01
1.3109999999999999e+01  2.1336588613723617e-01
1.3120000000000001e+01  2.1382188224414836e-01
1.3130000000000001e+01  2.1425615705987514e-01
1.3140000000000001e+01  2.1466868396908712e-01
1.3150000000000000e+01  2.1505943852506856e-01
1.3160000000000000e+01  2.1542839845052703e-01
1.3170000000000000e+01  2.1577554363818996e-01
1.3180000000000000e+01  2.1610085615118912e-01
1.3190000000000000e+01  2.1640432022323242e-01
1.3200000000000001e+01  2.1668592225856412e-01
1.3210000000000001e+01  2.1694565083171202e-01
1.3220000000000001e+01  2.1718349668702402e-01
1.3230000000000000e+01  2.1739945273799202e-01
1.3240000000000000e+01  2.1759351406636465e-01
1.3250000000000000e+01  2.1776567792104889e-01
1.3260000000000000e+01  2.1791594371680034e-01
1.3270000000000000e+01  2.1804431303270333e-01
1.3280000000000001e+01  2.1815078961044007e-01
1.3290000000000001e+01  2.1823537935234943e-01
1.3300000000000001e+01  2.1829809031927702e-01
1.3310000000000000e+01  2.1833893272821453e-01
1.3320000000000000e+01  2.1835791894973075e-01
1.3330000000000000e+01  2.1835506350519376e-01
1.3340000000000000e+01  2.1833038306378441e-01
1.3350000000000000e+01  2.1828389643930274e-01
1.3359999999999999e+01  2.1821562458676622e-01
1.3370000000000001e+01  2.1812559059880127e-01
1.3380000000000001e+01  2.1801381970182862e-01
1.3390000000000001e+01  2.1788033925204242e-01
1.3400000000000000e+01  2.1772517873118394e-01
1.3410000000000000e+01  2.1754836974211061e-01
1.3420000000000000e+01  2.1734994600416041e-01
1.3430000000000000e+01  2.1712994334831276e-01
1.3440000000000000e+01  2.1688839971214657e-01
1.3450000000000001e+01  2.1662535513459513e-01
1.3460000000000001e+01  2.1634085175049980e-01
1.3470000000000001e+01  2.1603493378496197e-01
1.3480000000000000e+01  2.1570764754749516e-01
1.3490000000000000e+01  2.1535904142597675e-01
1.3500000000000000e+01  2.1498916588040076e-01
1.3510000000000000e+01  2.1459807343643272e-01
1.3520000000000000e+01  2.1418581867876621e-01
1.3530000000000001e+01  2.1375245824428324e-01
1.3540000000000001e+01  2.1329805081501871e-01
1.3550000000000001e+01  2.1282265711092871e-01
1.3560000000000000e+01  2.1232633988246560e-01
1.3570000000000000e+01  2.1180916390295898e-01
1.3580000000000000e+01  2.1127119596080410e-01
1.3590000000000000e+01  2.1071250485145865e-01
1.3600000000000000e+01  2.1013316136924837e-01
1.3609999999999999e+01  2.0953323829898360e-01
1.3620000000000001e+01  2.0891281040738521e-01
1.3630000000000001e+01  2.0827195443432486e-01
1.3640000000000001e+01  2.0761074908387547e-01
1.3650000000000000e+01  2.0692927501517810e-01
1.3660000000000000e+01  2.0622761483312224e-01
1.3670000000000000e+01  2.0550585307884259e-01
1.3680000000000000e+01  2.0476407622003329e-01
1.3690000000000000e+01  2.0400237264107918e-01
1.3700000000000001e+01  2.0322083263300703e-01
1.3710000000000001e+01  2.0241954838325765e-01
1.3720000000000001e+01  2.0159861396527756e-01
1.3730000000000000e+01  2.0075812532793477e-01
1.3740000000000000e+01  1.9989818028475762e-01
1.3750000000000000e+01  1.9901887850299851e-01
1.3760000000000000e+01  1.9812032149252365e-01
1.3770000000000000e+01  1.9720261259453001e-01
1.3780000000000001e+01  1.9626585697009050e-01
1.3790000000000001e+01  1.9531016158852965e-01
1.3800000000000001e+01  1.9433563521562849e-01
1.3810000000000000e+01  1.9334238840166315e-01
1.3820000000000000e+01  1.9233053346927639e-01
1.3830000000000000e+01  1.9130018450118350e-01
1.3840000000000000e+01  1.9025145732771459e-01
1.3850000000000000e+01  1.8918446951419388e-01
1.3859999999999999e+01  1.8809934034815839e-01
1.3870000000000001e+01  1.8699619082641539e-01
1.3880000000000001e+01  1.8587514364194299e-01
1.3890000000000001e+01  1.8473632317063124e-01
1.3900000000000000e+01  1.8357985545786959e-01
1.3910000000000000e+01  1.8240586820497853e-01
1.3920000000000000e+01  1.8121449075548862e-01
1.3930000000000000e+01  1.8000585408126824e-01
1.3940000000000000e+01  1.7878009076850071e-01
1.3950000000000001e+01  1.7753733500351276e-01
1.3960000000000001e+01  1.7627772255845700e-01
1.3970000000000001e+01  1.7500139077684632e-01
1.3980000000000000e+01  1.7370847855894664e-01
1.3990000000000000e+01  1.7239912634702520e-01
1.4000000000000000e+01  1.7107347611045867e-01
1.4010000000000000e+01  1.6973167133070130e-01
1.4020000000000000e+01  1.6837385698611518e-01
1.4030000000000001e+01  1.6700017953666341e-01
1.4040000000000001e+01  1.6561078690847003e-01
1.4050000000000001e+01  1.6420582847824433e-01
1.4060000000000000e+01  1.6278545505757483e-01
1.4070000000000000e+01  1.6134981887709363e-01
1.4080000000000000e+01  1.5989907357051103e-01
1.4090000000000000e+01  1.5843337415852451e-01
1.4100000000000000e+01  1.5695287703260122e-01
1.4109999999999999e+01  1.5545773993863859e-01
1.4120000000000001e+01  1.5394812196050142e-01
1.4130000000000001e+01  1.5242418350344106e-01
1.4140000000000001e+01  1.5088608627739292e-01
1.4150000000000000e+01  1.4933399328016020e-01
1.4160000000000000e+01  1.4776806878048138e-01
1.4170000000000000e+01  1.4618847830098411e-01
1.4180000000000000e+01  1.4459538860102827e-01
1.4190000000000000e+01  1.4298896765943836e-01
1.4200000000000001e+01  1.4136938465712848e-01
1.4210000000000001e+01  1.3973680995962165e-01
1.4220000000000001e+01  1.3809141509946210e-01
1.4230000000000000e+01  1.3643337275852765e-01
1.4240000000000000e+01  1.3476285675023961e-01
1.4250000000000000e+01  1.3308004200167370e-01
1.4260000000000000e+01  1.3138510453557414e-01
1.4270000000000000e+01  1.2967822145227145e-01
1.4280000000000001e+01  1.2795957091150684e-01
1.4290000000000001e+01  1.2622933211416579e-01
1.4300000000000001e+01  1.2448768528391907e-01
1.4310000000000000e+01  1.2273481164877828e-01
1.4320000000000000e+01  1.2097089342256336e-01
1.4330000000000000e+01  1.1919611378628626e-01
1.4340000000000000e+01  1.1741065686945228e-01
1.4350000000000000e+01  1.1561470773127973e-01
1.4359999999999999e+01  1.1380845234184180e-01
1.4370000000000001e+01  1.1199207756313061e-01
1.4380000000000001e+01  1.1016577113004795e-01
1.4390000000000001e+01  1.0832972163131956e-01
1.4400000000000000e+01  1.0648411849034160e-01
1.4410000000000000e+01  1.0462915194595607e-01
1.4420000000000000e+01  1.0276501303315913e-01
1.4430000000000000e+01  1.0089189356374396e-01
1.4440000000000000e+01  9.9009986106880110e-02
1.4450000000000001e+01  9.7119483969631062e-02
1.4460000000000001e+01  9.5220581177413444e-02
1.4470000000000001e+01  9.3313472454395474e-02
1.4480000000000000e+01  9.1398353203842972e-02
1.4490000000000000e+01  8.9475419488409674e-02
1.4500000000000000e+01  8.7544868010376212e-02
1.4510000000000000e+01  8.5606896091839330e-02
1.4520000000000000e+01  8.3661701654852816e-02
1.4530000000000001e+01  8.1709483201522368e-02
1.4540000000000001e+01  7.9750439794058173e-02
1.4550000000000001e+01  7.7784771034782138e-02
1.4560000000000000e+01  7.5812677046098301e-02
1.4570000000000000e+01  7.3834358450423673e-02
1.4580000000000000e+01  7.1850016350083271e-02
1.4590000000000000e+01  6.9859852307171122e-02
1.4600000000000000e+01  6.7864068323379184e-02
1.4609999999999999e+01  6.5862866819796223e-02
1.4620000000000001e+01  6.3856450616678023e-02
1.4630000000000001e+01  6.1845022913193541e-02
1.4640000000000001e+01  5.9828787267143281e-02
1.4650000000000000e+01  5.7807947574659041e-02
1.4660000000000000e+01  5.5782708049881842e-02
1.4670000000000000e+01  5.3753273204622185e-02
1.4680000000000000e+01  5.1719847828003949e-02
1.4690000000000000e+01  4.9682636966094366e-02
1.4700000000000001e+01  4.7641845901521533e-02
1.4710000000000001e+01  4.5597680133083428e-02
1.4720000000000001e+01  4.3550345355345306e-02
1.4730000000000000e+01  4.1500047438234745e-02
1.4740000000000000e+01  3.9446992406630424e-02
1.4750000000000000e+01  3.7391386419949345e-02
1.4760000000000000e+01  3.5333435751733963e-02
1.4770000000000000e+01  3.3273346769241083e-02
1.4780000000000001e+01  3.1211325913034282e-02
1.4790000000000001e+01  2.9147579676584011e-02
1.4800000000000001e+01  2.7082314585871927e-02
1.4810000000000000e+01  2.5015737179008613e-02
1.4820000000000000e+01  2.2948053985861441e-02
1.4830000000000000e+01  2.0879471507696454e-02
1.4840000000000000e+01  1.8810196196836135e-02
1.4850000000000000e+01  1.6740434436334953e-02
1.4859999999999999e+01  1.4670392519674504e-02
1.4870000000000001e+01  1.2600276630480212e-02
1.4880000000000001e+01  1.0530292822263379e-02
1.4890000000000001e+01  8.4606469981853890e-03
1.4900000000000000e+01  6.3915448908529104e-03
1.4910000000000000e+01  4.3231920421412211e-03
1.4920000000000000e+01  2.2557937830491523e-03
1.4930000000000000e+01  1.8955521358755302e-04
1.4940000000000000e+01  -1.8753188172966639e-03
1.4950000000000001e+01  -3.9386237317597089e-03
1.4960000000000001e+01  -6.0001552430587139e-03
1.4970000000000001e+01  -8.0597093755121717e-03
1.4980000000000000e+01  -1.0117082484413401e-02
1.4990000000000000e+01  -1.2172071275900810e-02
1.5000000000000000e+01  -1.4224472826780783e-02
